-2.858500000000003070e+02
-1.932999999999998124e+02
-3.155000000000025011e+02
-4.684999999999983800e+01
-4.504999999999991189e+01
-6.899999999999985789e+01
-5.009999999999980957e+01
-3.896000000000016712e+02
-2.986500000000009436e+02
-3.453000000000021146e+02
-1.217000000000003297e+02
-5.217000000000031150e+02
-3.610000000000000853e+01
-1.513999999999999773e+02
-2.811500000000008299e+02
-3.470000000000011369e+02
-5.250000000000007105e+00
-1.728499999999998522e+02
-1.504999999999985505e+01
-2.539999999999996305e+01
-4.514999999999997726e+01
-3.874999999999995026e+01
-1.041500000000000341e+02
-2.800500000000013756e+02
-5.744999999999981810e+01
-2.408000000000005798e+02
-1.630000000000000000e+02
-5.960500000000034788e+02
-1.244999999999980389e+01
-1.167999999999998408e+02
-4.083500000000026944e+02
-1.951500000000007731e+02
-7.694999999999954809e+01
-2.344000000000004889e+02
-7.129999999999965610e+01
-8.990000000000003411e+01
-7.134999999999985221e+01
-2.332000000000011255e+02
-2.857000000000003297e+02
-2.212500000000004547e+02
-1.482999999999998977e+02
-1.392749999999988177e+03
-2.384500000000010687e+02
-1.341499999999992667e+02
-3.424999999999992895e+01
-1.554999999999999716e+02
-1.535499999999998693e+02
-2.448000000000002956e+02
-4.369999999999990337e+01
-1.354999999999999716e+01
-6.414999999999990621e+01
-1.979000000000003752e+02
-3.306500000000015120e+02
-2.364999999999994174e+01
-3.362000000000011255e+02
-2.923500000000001933e+02
-1.101000000000003638e+02
2.745000000000005613e+01
-4.759999999999988063e+01
-2.025000000000002274e+02
-3.059500000000007276e+02
-5.584999999999966747e+01
-2.976000000000005343e+02
-3.228999999999999204e+02
-4.014999999999989200e+01
-1.153499999999999091e+02
-1.931999999999999886e+02
-8.159999999999963904e+01
-2.729500000000008413e+02
-1.995500000000004377e+02
-2.428000000000015461e+02
-1.569000000000010004e+02
-2.161000000000008470e+02
-3.579999999999996874e+01
-2.867000000000009550e+02
-3.562500000000022169e+02
-2.019000000000004604e+02
-9.499999999999985789e+01
-1.647999999999998977e+02
-1.841499999999997499e+02
-9.584999999999973852e+01
-9.529999999999976978e+01
-3.349999999999997158e+01
-1.455999999999999091e+02
-1.566499999999999773e+02
-1.454999999999998295e+01
-1.018999999999997499e+02
-8.600000000000022737e+00
1.310000000000001208e+01
-1.118999999999998067e+02
-1.390000000000000000e+02
-7.534999999999968168e+01
-4.444999999999970441e+01
-1.636999999999999602e+02
-5.009500000000024329e+02
-1.080999999999993975e+02
-3.328500000000040018e+02
-1.161000000000000227e+02
-5.849999999999994316e+01
-3.227000000000023761e+02
-1.071999999999997897e+02
-5.604999999999995453e+01
2.485000000000000853e+01
-4.745000000000005969e+01
-2.991500000000006594e+02
-6.749999999999815259e+00
-1.785000000000002842e+02
-4.842500000000017621e+02
-2.865000000000009095e+02
-2.697000000000014666e+02
-5.954999999999962768e+01
-9.379999999999972715e+01
-7.059999999999988063e+01
-8.889999999999973568e+01
-9.565000000000020464e+01
-3.029500000000036266e+02
-2.409999999999998010e+01
-6.609999999999975273e+01
-4.362000000000020350e+02
-1.639500000000001592e+02
-7.144999999999987494e+01
-1.464999999999997726e+01
-1.166000000000004491e+02
-1.456999999999998749e+02
-8.749999999999957367e+00
-1.266500000000000341e+02
-3.371000000000011028e+02
-1.821999999999998465e+02
-5.545000000000011369e+02
-1.907500000000001705e+02
-7.485000000000007958e+01
-4.804999999999957083e+01
1.500000000000014211e+00
-1.009999999999999432e+01
-6.759999999999998010e+01
-3.308000000000027399e+02
-9.799999999999977263e+01
-2.381500000000011710e+02
-3.770000000000000995e+01
-6.324999999999987210e+01
-6.129999999999994031e+01
-1.758500000000018133e+02
-3.250000000000007105e+00
-2.423500000000007617e+02
-4.054999999999989768e+01
-2.463000000000009493e+02
-3.491000000000013870e+02
-1.061499999999998636e+02
-3.794999999999972573e+01
-3.576000000000015575e+02
-3.728500000000009322e+02
-1.051999999999999886e+02
-2.847500000000009095e+02
-8.754999999999995453e+01
-8.474999999999972999e+01
-1.968500000000001933e+02
-1.041999999999997897e+02
-3.889000000000020805e+02
-6.819999999999981810e+01
-2.359000000000010857e+02
-7.560000000000012221e+01
-3.852000000000018076e+02
-5.244999999999977547e+01
-1.179499999999997613e+02
-2.405000000000003979e+02
-9.794999999999974705e+01
-2.414500000000007276e+02
-8.709999999999978115e+01
-3.132000000000020918e+02
-7.244999999999996021e+01
-3.629000000000013983e+02
-1.730999999999997101e+02
-8.029999999999985505e+01
-1.739999999999993463e+01
-1.197999999999998408e+02
-2.135500000000007219e+02
-2.702000000000009550e+02
-6.259999999999990905e+01
-2.438500000000002501e+02
-6.029999999999954241e+01
-4.450000000000002842e+00
-9.824999999999961631e+01
-1.964000000000000057e+02
-5.788500000000013870e+02
-2.347000000000003013e+02
-9.269999999999996021e+01
2.750000000000035527e+00
-5.544999999999970441e+01
-1.787500000000001705e+02
-1.353499999999997954e+02
-3.066500000000008299e+02
-2.809000000000011710e+02
-1.252999999999998408e+02
-5.959999999999963904e+01
-2.684999999999995879e+01
-3.078000000000022851e+02
-2.109000000000008868e+02
-2.721500000000014552e+02
-4.007000000000022624e+02
-8.179999999999982663e+01
-1.663500000000009891e+02
-1.486999999999997613e+02
-3.700000000000002842e+00
-2.924000000000007162e+02
-1.661499999999998920e+02
-2.765500000000013756e+02
-8.764999999999993463e+01
-6.639999999999993463e+01
-2.700500000000016030e+02
-5.094999999999990337e+01
-1.041499999999997357e+02
-7.804999999999982663e+01
-2.877500000000030695e+02
-1.790000000000000284e+02
-7.889999999999965041e+01
-4.494999999999997442e+01
-8.624999999999991473e+01
-1.992500000000003126e+02
-7.249999999999970157e+01
-1.230000000000000853e+02
-4.609999999999988773e+01
-2.032499999999999716e+02
-3.190500000000010346e+02
-6.089999999999972147e+01
-1.769999999999998153e+01
-6.584999999999995168e+01
-3.356500000000015689e+02
-8.694999999999966178e+01
-1.056999999999998465e+02
-8.499999999999987210e+01
-7.399999999999998579e+00
1.399999999999991473e+00
-3.171000000000012164e+02
-5.514999999999993463e+01
-5.849999999999995737e+01
-1.666999999999997897e+02
-4.824999999999984368e+01
-4.738500000000005343e+02
-5.020000000000000284e+01
-1.118499999999999091e+02
-1.714500000000003013e+02
-2.587499999999999432e+02
-2.735500000000009209e+02
-1.915500000000008924e+02
-9.949999999999995737e+00
5.350000000000077804e+00
-4.479999999999999716e+01
-3.755000000000034674e+02
-4.134999999999993747e+01
-4.194500000000045929e+02
-3.095500000000004093e+02
-2.763000000000008072e+02
-3.434000000000015689e+02
-4.129999999999986215e+01
-1.070999999999998806e+02
-3.849999999999987210e+00
4.600000000000013856e+00
-8.939999999999957936e+01
-6.164999999999982094e+01
-4.003000000000027399e+02
-2.794999999999995310e+01
-1.816000000000000227e+02
-1.320499999999997272e+02
-1.220499999999997556e+02
-4.087500000000005116e+02
-3.188500000000033197e+02
-3.300000000000010232e+02
-2.082500000000000568e+02
-3.120500000000009777e+02
-1.049999999999968736e+00
-1.679000000000000909e+02
-2.514999999999984226e+01
-2.704999999999999432e+02
-4.079999999999999716e+01
-6.284999999999998010e+01
-5.934500000000002728e+02
-3.268000000000002387e+02
5.549999999999920774e+00
-1.733000000000007503e+02
-2.212500000000000000e+02
-2.724999999999987921e+01
-9.724999999999972999e+01
-8.284999999999942588e+01
-2.914000000000001478e+02
-3.739500000000001592e+02
-3.359999999999995168e+01
-1.550000000000000000e+02
-1.649499999999999602e+02
-1.615499999999999829e+02
2.515000000000001279e+01
-9.454999999999937188e+01
-1.404999999999999432e+02
-2.909000000000021942e+02
-1.938000000000003809e+02
-2.324500000000014666e+02
-1.522499999999998863e+02
-1.093999999999994657e+02
-1.521999999999995339e+02
-3.970000000000003411e+02
-3.455000000000010232e+02
-3.119500000000010118e+02
-1.012000000000006992e+02
-6.014999999999984936e+01
-4.473000000000016030e+02
-1.816499999999999204e+02
-2.433999999999997215e+02
-2.736499999999998636e+02
-1.703999999999999773e+02
-1.275499999999999545e+02
-1.175999999999998238e+02
-2.140000000000001279e+01
-3.344500000000021487e+02
-1.445000000000000284e+01
-7.704999999999996874e+01
-1.364999999999999858e+01
-3.319999999999999574e+01
-3.095000000000003411e+02
-1.296500000000002046e+02
-1.840549999999982674e+03
3.255000000000000426e+01
-5.986000000000032060e+02
-6.809999999999998010e+01
-1.954000000000005741e+02
-3.001000000000002501e+02
-1.635000000000003695e+02
-6.584999999999998010e+01
-1.577499999999997442e+02
-1.796000000000002217e+02
-3.139000000000023078e+02
-5.949999999999960210e+00
-4.119999999999991047e+01
-2.460000000000004263e+02
-3.141000000000016144e+02
-4.519999999999996021e+01
-1.582500000000000853e+02
-1.325499999999997556e+02
-4.209999999999981668e+01
-2.560000000000007390e+02
-2.368500000000002501e+02
6.699999999999969091e+00
-8.099999999999991473e+01
-1.398500000000001648e+02
-2.022999999999999545e+02
-1.247500000000006821e+02
-1.900999999999996817e+02
-4.595000000000004547e+01
-8.969999999999993179e+01
-6.769999999999939178e+01
-9.664999999999976410e+01
-7.220000000000005969e+01
-6.139999999999994884e+01
-5.369999999999987494e+01
-1.274500000000000455e+02
2.120000000000006679e+01
2.680000000000001137e+01
-5.484999999999995168e+01
-1.250000000000000000e+00
-9.299999999999981526e+01
-1.822500000000001137e+02
-3.022000000000017508e+02
-2.483500000000001933e+02
-6.749999999999992895e+00
-4.077000000000036835e+02
-1.454500000000001307e+02
-1.798500000000005059e+02
-2.626500000000006594e+02
-1.275000000000000000e+01
-8.520000000000051443e+01
-3.122000000000005571e+02
-5.120000000000003126e+01
-6.299999999999980105e+01
-1.691000000000002785e+02
-3.310500000000015461e+02
-3.259999999999990195e+01
-1.830000000000000000e+02
-3.194999999999997442e+01
-4.573500000000024102e+02
-8.344999999999998863e+01
-2.361500000000001194e+02
-2.445000000000000995e+01
-1.546999999999997613e+02
-1.038499999999994543e+02
-1.230499999999994998e+02
-2.036000000000007049e+02
-5.834999999999980957e+01
-9.354999999999978400e+01
-3.199999999999992184e+01
-6.978499999999989996e+02
-2.124999999999999432e+02
-1.554999999999986215e+01
-1.290000000000001279e+01
-8.589999999999973568e+01
-1.525999999999999375e+02
-1.210999999999996390e+02
-1.722000000000003581e+02
-4.207500000000021600e+02
-1.258500000000004491e+02
-3.425000000000008527e+02
-1.843499999999999375e+02
-3.596000000000018986e+02
-1.998500000000005627e+02
-1.805500000000008640e+02
4.000000000000412115e-01
-6.394999999999996589e+02
-3.412000000000013529e+02
-2.084999999999998010e+01
-2.129999999999996163e+01
-2.282500000000007958e+02
-1.854999999999999147e+02
-4.190500000000017735e+02
2.130000000000000426e+01
-2.856500000000005457e+02
-1.914999999999997016e+01
-1.981500000000009152e+02
-1.235499999999996703e+02
-1.603499999999997101e+02
-1.317000000000002444e+02
-1.420000000000008527e+02
-5.172000000000023192e+02
-2.082000000000008697e+02
-1.177499999999997726e+02
-6.730000000000003979e+01
-2.260000000000006537e+02
-1.958000000000012619e+02
-1.507549999999989495e+03
-2.733000000000008640e+02
-1.164999999999999858e+01
-1.493499999999994543e+02
-1.867000000000002728e+02
-6.789999999999980673e+01
-2.087500000000005116e+02
-3.364999999999995595e+01
-1.123999999999999346e+02
-4.654999999999989768e+01
-2.247500000000006821e+02
-5.974999999999992895e+01
-1.603499999999999375e+02
-2.956500000000017394e+02
-1.054499999999997897e+02
-1.744000000000001762e+02
-8.849999999999972999e+00
-3.320000000000003126e+01
-1.709500000000000171e+02
-1.317000000000002444e+02
-2.133500000000000796e+02
-2.893500000000010459e+02
-1.049999999999997868e+01
-2.740999999999998522e+02
-2.794500000000013529e+02
-1.008999999999998067e+02
-1.124999999999997158e+01
-8.149999999999981526e+01
-5.044000000000039563e+02
-1.989999999999997016e+01
-5.879999999999998295e+01
-6.370000000000008811e+01
-3.146500000000007731e+02
-1.112500000000000853e+02
-3.724999999999994316e+01
-1.919999999999997442e+01
-1.039999999999998579e+02
-1.775000000000006253e+02
-1.985500000000001819e+02
-1.197500000000003126e+02
-6.697000000000019782e+02
-1.510500000000002956e+02
-8.049999999999995737e+01
-1.089499999999992781e+02
-1.619000000000008015e+02
-7.049999999999971578e+01
-1.705500000000004945e+02
-3.984999999999994458e+01
-2.996000000000013870e+02
-1.288500000000004206e+02
-2.561500000000002046e+02
-1.036500000000001194e+02
1.145000000000000284e+01
-3.054999999999995453e+01
-6.524999999999985789e+01
-1.786500000000001478e+02
-1.094499999999998892e+02
-4.884999999999963904e+01
-5.534999999999989484e+01
-1.109500000000003297e+02
-4.594500000000022624e+02
-1.976000000000004491e+02
-1.299499999999996760e+02
-1.365499999999997272e+02
-1.739499999999998749e+02
-2.238500000000002217e+02
-2.480999999999999659e+02
-5.429999999999998295e+01
-7.459999999999995168e+01
-3.910500000000027967e+02
-5.654999999999988347e+01
-4.583000000000023988e+02
5.100000000000045830e+00
-7.109999999999996589e+01
-2.182999999999996987e+02
-1.129999999999996874e+01
-5.399999999999963052e+01
-6.054999999999994031e+01
-4.445500000000013188e+02
-8.524999999999971578e+01
-1.984500000000003013e+02
-2.285000000000025011e+02
-1.365999999999994827e+02
-2.022500000000013642e+02
-3.336500000000019668e+02
-1.190999999999997669e+02
-2.146500000000014268e+02
5.649999999999934630e+00
-2.193500000000011596e+02
-4.380000000000034106e+02
-6.422500000000029559e+02
-2.054999999999996163e+01
-5.589999999999999147e+01
-7.049999999999990052e+00
-4.804500000000014666e+02
-1.540499999999997840e+02
-6.474999999999961631e+01
-3.989999999999991331e+01
-2.274000000000013983e+02
-1.310000000000000000e+02
-5.574999999999980105e+01
-4.315500000000019440e+02
-2.840500000000006935e+02
-9.329999999999938609e+01
-1.135999999999997527e+02
-7.149999999999960210e+01
-8.759999999999980957e+01
-2.516500000000006878e+02
-3.589999999999994174e+01
-2.156499999999999773e+02
-3.744999999999998153e+01
-6.599999999999994316e+00
-1.099499999999997328e+02
-2.016500000000010857e+02
-2.384999999999991616e+01
-1.207499999999996305e+02
-7.924999999999950262e+01
-3.544999999999994600e+01
-1.707000000000012960e+02
-2.696000000000001364e+02
-2.412000000000002728e+02
-1.495000000000005400e+02
-6.954999999999992610e+01
-5.999999999999990052e+01
-1.325000000000004974e+01
-2.945000000000015916e+02
-3.248500000000012733e+02
-1.479500000000006139e+02
-4.144999999999976126e+01
-8.389999999999952252e+01
-2.137000000000007844e+02
-8.154999999999999716e+01
-1.229999999999998579e+02
-1.409999999999997300e+01
-7.364999999999997726e+01
-2.274000000000000625e+02
-2.256999999999997613e+02
-2.927500000000006821e+02
-1.692000000000003013e+02
-8.274999999999951683e+01
-1.317999999999996419e+02
-3.314999999999980673e+01
-1.002999999999997840e+02
-2.498000000000010346e+02
-9.934999999999959641e+01
-3.620500000000023988e+02
-1.513499999999997669e+02
-1.997500000000000000e+02
-2.113499999999996817e+02
-2.150000000000012790e+00
-4.739999999999996305e+01
-1.217999999999998408e+02
-1.412500000000001421e+02
-2.104000000000000057e+02
-4.314999999999999147e+01
-9.269999999999974705e+01
-8.419999999999993179e+01
-1.174999999999995168e+02
-1.369999999999999432e+02
-5.067000000000028876e+02
-8.194999999999987494e+01
-1.763500000000012449e+02
-1.626000000000001648e+02
-7.994999999999987494e+01
-5.134999999999966747e+01
-1.848000000000000966e+02
-2.044000000000007446e+02
-2.531499999999996646e+02
-6.699999999999910472e+00
-1.019999999999998579e+02
-3.784000000000022510e+02
-1.829000000000000341e+02
-1.663499999999999659e+02
-1.807500000000000853e+02
-8.619999999999984652e+01
-4.734999999999986642e+01
-1.822500000000009663e+02
-2.091999999999998465e+02
5.700000000000009948e+00
-2.589000000000007162e+02
-1.459999999999999432e+01
-1.764500000000014950e+02
-2.593000000000017735e+02
-4.082500000000016485e+02
-3.244999999999988916e+01
-3.692500000000021032e+02
-6.044999999999981810e+01
-2.559000000000013983e+02
-1.236499999999996504e+02
-3.700000000000017053e+00
-2.185000000000005684e+02
-6.189500000000002728e+02
-4.579999999999994031e+01
-5.734999999999992326e+01
-3.116500000000003183e+02
-1.991000000000002785e+02
-1.306999999999997613e+02
-1.759499999999999886e+02
-3.269999999999993889e+01
-9.034999999999983800e+01
2.165000000000001990e+01
-2.731500000000002615e+02
-5.960500000000001819e+02
-8.194999999999996021e+01
-1.190999999999997385e+02
-9.399999999999998579e+00
-1.714999999999998295e+02
-3.321000000000009891e+02
1.840000000000002345e+01
-4.809999999999990905e+01
-1.402000000000001307e+02
-1.633500000000005343e+02
-7.539999999999963620e+01
-5.935000000000002274e+01
-4.561000000000020123e+02
-1.909999999999995168e+01
-3.841500000000014552e+02
-2.924999999999997158e+01
-3.025000000000025011e+02
-3.099999999999996447e+01
-8.139999999999992042e+01
-3.949999999999993605e+01
-3.202500000000017621e+02
-4.100000000000014779e+02
-9.209999999999995168e+01
-1.128499999999998522e+02
-2.513500000000005912e+02
-3.904999999999995453e+01
8.000000000000682121e-01
-1.168499999999997669e+02
-3.354999999999988347e+01
-2.761500000000020236e+02
-7.795000000000010232e+01
-2.606000000000022396e+02
-7.874999999999981526e+01
-3.553000000000015461e+02
-1.322500000000001705e+02
-3.771500000000016257e+02
-4.699999999999999289e+01
-2.849999999999980105e+01
-5.427500000000022737e+02
-2.453500000000009322e+02
-1.528500000000009322e+02
-6.924999999999998579e+01
-3.982000000000003865e+02
-1.260999999999999659e+02
-2.065000000000000568e+01
-1.194999999999985363e+01
-1.925500000000001535e+02
-9.924999999999941735e+01
-1.774500000000006708e+02
-5.129999999999988347e+01
-5.960000000000002274e+01
-2.764500000000007844e+02
-2.095500000000000398e+02
-5.019999999999943441e+01
-1.773999999999996078e+02
-3.354999999999996163e+01
-5.075500000000041609e+02
-3.292000000000015234e+02
-7.214999999999930935e+01
-8.489999999999989200e+01
-2.591500000000001478e+02
-3.191000000000025807e+02
-9.269999999999997442e+01
-7.199999999999984368e+01
-2.884999999999982379e+01
-2.810000000000002984e+01
-3.823000000000011482e+02
-1.297999999999997556e+02
-1.804999999999969162e+01
-1.400500000000000966e+02
-1.143499999999999091e+02
1.424999999999999112e+01
-8.499999999999997158e+01
-3.853000000000020009e+02
-3.499999999999992895e+00
-2.514999999999984936e+01
-2.038500000000002785e+02
-3.504999999999982663e+01
-2.158500000000001080e+02
-3.529500000000002728e+02
-3.017500000000015916e+02
-5.594999999999977547e+01
-7.654999999999992610e+01
-2.150500000000003524e+02
-6.344999999999981810e+01
-1.917499999999997726e+02
-3.528000000000035925e+02
-1.604000000000002615e+02
-9.814999999999986358e+01
-9.014999999999986358e+01
-6.554999999999972715e+01
-3.049999999999997158e+01
-1.964999999999993463e+01
-1.000499999999997556e+02
1.900000000000001066e+01
-1.469499999999999034e+02
-4.759999999999992326e+01
-2.386000000000006480e+02
-1.531999999999999886e+02
3.054999999999998295e+01
-1.894500000000008129e+02
-5.574999999999992895e+01
-7.335000000000002274e+01
-3.039999999999996305e+01
-1.000499999999999119e+02
-1.676500000000003752e+02
-3.232500000000021600e+02
-3.734500000000026034e+02
-1.704000000000001762e+02
-5.479999999999930083e+01
-4.851000000000012164e+02
-4.879999999999988347e+01
-1.061999999999995907e+02
-2.000499999999999261e+02
-2.172999999999997272e+02
-1.870000000000013074e+02
-1.235499999999998977e+02
-1.384499999999997613e+02
-3.014500000000019782e+02
-5.834999999999983800e+01
-1.366499999999997215e+02
-8.154999999999985505e+01
-6.569999999999991758e+01
-4.894999999999988916e+01
-1.914000000000001478e+02
-6.369999999999961915e+01
-9.815000000000031832e+01
-3.109999999999999432e+01
-4.359999999999968168e+01
-1.340500000000004945e+02
-5.964999999999983515e+01
-2.352500000000003126e+02
-2.179999999999996163e+01
-2.979000000000006025e+02
-1.645349999999982629e+03
-1.842500000000015632e+02
-4.699999999999998579e+01
-1.882999999999998977e+02
-2.304500000000003297e+02
-6.749999999999900524e+00
-7.549999999999991473e+01
-1.286000000000002785e+02
-2.054999999999996874e+01
-2.377000000000000455e+02
-3.089000000000007162e+02
-3.528000000000018872e+02
-1.777000000000006992e+02
-4.380500000000023419e+02
-3.219500000000012392e+02
-4.314999999999978542e+01
-4.334999999999992326e+01
-2.536500000000004604e+02
-7.599999999999994316e+00
-3.295500000000019440e+02
-4.999000000000030468e+02
2.249999999999999289e+01
-1.646999999999999886e+02
-4.689999999999992042e+01
-8.199999999999903366e+00
-6.879999999999984084e+01
-3.095500000000015461e+02
-1.537499999999997442e+02
-2.744999999999996589e+02
-1.804000000000002046e+02
-4.754999999999971294e+01
-7.074999999999978684e+01
-4.954999999999974136e+01
-2.689999999999994174e+01
-1.237000000000002444e+02
-2.308500000000010459e+02
-3.919999999999995310e+01
-5.344000000000025921e+02
-1.873000000000016314e+02
-1.943500000000005343e+02
-3.025000000000010800e+02
-3.465500000000017735e+02
-2.272000000000002444e+02
-2.338500000000007901e+02
-5.244999999999998863e+01
-6.754999999999985505e+01
-8.299999999999933209e+00
-1.100000000000001421e+01
-6.984999999999953957e+01
-3.401000000000024670e+02
-3.082500000000023874e+02
-7.179999999999988347e+01
-7.629999999999945715e+01
-3.082000000000001592e+02
-3.672500000000007390e+02
-1.776499999999996930e+02
-3.866000000000014438e+02
-8.119999999999984652e+01
-7.279999999999991189e+01
-4.559999999999985221e+01
-1.402999999999996703e+02
-1.954499999999998181e+02
-9.754999999999988347e+01
-1.409499999999993349e+02
-1.518499999999993690e+02
-1.192999999999993435e+02
-1.568999999999998920e+02
-1.857999999999998977e+02
-3.086000000000021259e+02
-2.232499999999997726e+02
-1.138499999999999233e+02
-1.505000000000005684e+02
-1.350499999999998124e+02
-2.993000000000006935e+02
-5.434999999999992326e+01
-2.852500000000011937e+02
-2.897500000000006821e+02
-4.439999999999999147e+01
-1.735999999999998238e+02
-1.148999999999996220e+02
-1.761000000000006480e+02
-9.710000000000015064e+01
-3.239000000000007162e+02
-4.062500000000020464e+02
-4.849999999999994316e+01
-2.462000000000000739e+02
-2.329999999999994742e+01
-2.853500000000000796e+02
-2.519000000000006878e+02
-1.375499999999999829e+02
1.880000000000000071e+01
-3.794999999999984652e+01
-1.688999999999996646e+02
-8.254999999999995453e+01
-8.064999999999992042e+01
-7.889999999999974989e+01
-9.649999999999978684e+01
-2.389000000000001478e+02
-9.165000000000043201e+01
-1.090499999999998977e+02
-9.645000000000013642e+02
-1.113999999999996646e+02
-4.524999999999991473e+01
6.349999999999992539e+00
-5.100000000000001421e+00
-1.301499999999997499e+02
-3.046500000000023078e+02
-4.274999999999996447e+01
-4.209999999999995879e+01
-1.394500000000000455e+02
-8.500000000000085265e-01
-3.473500000000017280e+02
-3.742500000000026148e+02
-4.729999999999981242e+01
-2.824999999999998579e+01
-1.093499999999995396e+02
-1.783499999999996533e+02
-4.369999999999999574e+01
1.610000000000000853e+01
-8.249999999999998579e+01
-5.332000000000040245e+02
1.014999999999999680e+01
-2.995500000000008640e+02
-1.460000000000003411e+02
-3.325000000000017053e+02
-1.344499999999999318e+02
-1.531999999999997613e+02
-2.649999999999992895e+01
-1.139000000000000625e+02
-1.149999999999996447e+01
-1.910000000000001137e+02
-2.689999999999997016e+01
-8.079999999999974136e+01
-7.314999999999977831e+01
-9.069999999999974705e+01
-1.103499999999996248e+02
-2.580000000000020464e+02
-1.586500000000004036e+02
-1.421999999999990223e+02
-2.954999999999996874e+01
-1.156999999999998749e+02
-5.626000000000011596e+02
-2.043500000000000512e+02
-1.900000000000001421e+01
-1.245000000000000000e+02
-6.889999999999974989e+01
-9.744999999999983231e+01
-8.749999999999992895e+00
-1.037999999999999545e+02
-3.759999999999995879e+01
-1.775000000000004619e+01
-3.829999999999979821e+01
-1.220499999999998835e+02
-1.999999999999972999e+01
-8.709999999999995168e+01
-3.594999999999999574e+01
-8.059999999999952536e+01
-2.379000000000013415e+02
-4.739999999999987779e+01
3.160000000000000853e+01
-9.399999999999991473e+00
1.850000000000008527e+00
-1.839999999999999147e+02
-4.163000000000029104e+02
-2.160000000000000000e+02
-1.870000000000007958e+02
-5.194500000000023192e+02
-3.675000000000014211e+02
-2.559999999999997300e+01
-8.978499999999961574e+02
-8.944999999999998863e+01
-2.701000000000004775e+02
-2.839500000000009550e+02
-1.092000000000000171e+02
-2.007999999999999545e+02
-2.862000000000012960e+02
-1.931500000000002899e+02
-6.734999999999966747e+01
-9.384999999999982379e+01
-4.390000000000050591e+02
-1.154499999999999318e+02
-5.079000000000037858e+02
-4.649999999999990052e+01
-5.416000000000019554e+02
-1.624500000000002728e+02
-4.184000000000027057e+02
-2.588000000000008640e+02
-4.869999999999961915e+01
-7.400000000000009948e+01
-8.029999999999958504e+01
-1.239999999999997726e+01
-3.563500000000011596e+02
-9.189999999999982094e+01
-1.250500000000002956e+02
-2.975500000000013188e+02
-1.262500000000000284e+02
-4.144999999999977547e+01
-2.809999999999992326e+01
-1.922000000000003013e+02
-1.780500000000002956e+02
-1.931000000000011028e+02
-2.721999999999999886e+02
-9.809999999999969589e+01
-4.646500000000006594e+02
-1.322999999999999829e+02
-1.439499999999999318e+02
-7.384999999999969589e+01
-2.191499999999989825e+02
-6.414999999999947988e+01
-7.184999999999985221e+01
-3.849999999999992895e+01
-1.312999999999994998e+02
-1.193499999999997954e+02
-1.744999999999983231e+01
-6.429999999999991189e+01
-1.159999999999995168e+01
-4.124999999999985079e+01
-4.207000000000027171e+02
-1.395999999999999659e+02
-6.434999999999988063e+01
-3.122000000000011255e+02
-2.884500000000001023e+02
-6.099999999999988631e+01
-1.288000000000000682e+02
-2.160500000000015461e+02
-6.205000000000011084e+01
-2.552500000000002274e+02
-3.705000000000010232e+02
-4.471500000000037289e+02
-2.367000000000003865e+02
-3.687500000000017053e+02
-9.079999999999952820e+01
-8.874999999999987210e+01
6.900000000000012790e+00
-5.540000000000001990e+01
-4.404999999999994031e+01
-5.924999999999988631e+01
-2.312500000000002558e+02
-6.709999999999999432e+01
-2.449999999999994316e+01
