-5.970100000000052205e+03
-5.668000000000069122e+03
-6.865300000000005639e+03
-5.879900000000050568e+03
-4.863350000000072214e+03
-5.575000000000085493e+03
-4.422300000000052933e+03
-2.892250000000011823e+03
-6.098150000000099681e+03
-4.141050000000031105e+03
-4.070249999999999091e+03
-6.576850000000024920e+03
-5.024650000000096952e+03
-4.347200000000066211e+03
-5.073800000000026557e+03
-4.826350000000068576e+03
-5.463150000000077853e+03
-6.981500000000024556e+03
-3.780300000000003365e+03
-4.406699999999989814e+03
-6.634400000000011460e+03
-7.039300000000016553e+03
-6.211950000000037107e+03
-5.761600000000138607e+03
-6.792700000000083492e+03
-4.546400000000058753e+03
-4.781400000000049658e+03
-5.052250000000052751e+03
-4.002100000000021737e+03
-5.711700000000026193e+03
-6.310100000000083128e+03
-5.905450000000079854e+03
-6.514200000000060754e+03
-5.125050000000069303e+03
-5.112700000000110776e+03
-3.500750000000005457e+03
-6.851050000000019281e+03
-6.512050000000041109e+03
-4.537600000000043110e+03
-5.298900000000104228e+03
-6.265250000000080036e+03
-5.356400000000067848e+03
-5.408300000000137516e+03
-6.517750000000052751e+03
-6.207149999999989632e+03
-4.466700000000099863e+03
-5.631450000000048021e+03
-4.248800000000049295e+03
-3.999450000000056662e+03
-6.306800000000032924e+03
-6.089550000000044747e+03
-6.233650000000164255e+03
-6.188150000000025102e+03
-5.699850000000178625e+03
-5.059700000000018008e+03
-4.414150000000071486e+03
-5.451750000000065484e+03
-4.959300000000015643e+03
-4.906850000000110413e+03
-3.969400000000068303e+03
-6.453450000000081673e+03
-6.182450000000153523e+03
-4.775650000000014188e+03
-5.506200000000137152e+03
-5.651750000000055479e+03
-6.270700000000032560e+03
-4.257350000000004002e+03
-6.172100000000009459e+03
-6.638300000000038381e+03
-6.448550000000193904e+03
-4.794150000000026921e+03
-6.352600000000167711e+03
-6.537800000000019281e+03
-6.383750000000000000e+03
-5.648800000000157524e+03
-3.831300000000045202e+03
-6.428550000000039290e+03
-3.951149999999994179e+03
-6.060700000000229011e+03
-4.375050000000023829e+03
-3.977650000000020555e+03
-6.148800000000029286e+03
-4.430250000000021828e+03
-4.443000000000022737e+03
-5.384350000000088585e+03
-4.640900000000016917e+03
-5.679250000000025466e+03
-5.873700000000061664e+03
-5.267400000000072396e+03
-6.754450000000013461e+03
-4.784150000000039654e+03
-3.890450000000061209e+03
-4.132500000000069122e+03
-4.123200000000049840e+03
-4.384800000000003820e+03
-5.687900000000146065e+03
-4.741650000000004184e+03
-5.364850000000024011e+03
-5.917750000000180080e+03
-5.572750000000014552e+03
-6.101100000000107684e+03
-4.065350000000044929e+03
-6.234750000000046384e+03
-5.579450000000131695e+03
-5.752300000000045657e+03
-6.110250000000011823e+03
-6.077050000000027467e+03
-5.881000000000040927e+03
-6.324550000000028376e+03
-1.008399999999996726e+04
-5.424150000000048749e+03
-5.896050000000088403e+03
-5.983150000000059663e+03
-4.671850000000007640e+03
-4.527700000000058026e+03
-5.938250000000025466e+03
-6.061950000000038926e+03
-3.607450000000019372e+03
-5.169750000000058208e+03
-3.458300000000001546e+03
-3.654050000000001546e+03
-6.053850000000089494e+03
-5.095900000000023283e+03
-4.841100000000007640e+03
-4.586400000000067848e+03
-5.946950000000082582e+03
-5.101650000000145155e+03
-4.858950000000038017e+03
-3.880950000000040745e+03
-6.044600000000065847e+03
-4.990250000000001819e+03
-6.412550000000002910e+03
-4.181750000000007276e+03
-6.165950000000074397e+03
-5.633950000000149885e+03
-6.469750000000160071e+03
-5.417050000000121145e+03
-3.856350000000018554e+03
-6.583900000000195178e+03
-4.215450000000039836e+03
-4.725150000000003274e+03
-6.108000000000064574e+03
-4.246650000000017826e+03
-6.381400000000200635e+03
-5.435250000000080945e+03
-6.267300000000022919e+03
-5.773350000000165892e+03
-5.889100000000066757e+03
-3.971650000000056480e+03
-3.872550000000007003e+03
-5.232200000000011642e+03
-5.302750000000059117e+03
-4.750300000000102045e+03
-6.329600000000057662e+03
-5.292300000000009277e+03
-5.273800000000034743e+03
-5.742900000000096043e+03
-5.969600000000154978e+03
-3.947050000000017917e+03
-5.730550000000075670e+03
-4.377300000000031105e+03
-4.578600000000004911e+03
-6.355050000000038381e+03
-5.424750000000090949e+03
-6.205150000000060572e+03
-5.835550000000095679e+03
-4.353950000000051659e+03
-5.402500000000157343e+03
-3.280399999999990087e+03
-5.444100000000033106e+03
-5.723250000000150067e+03
-5.148450000000024374e+03
-3.940600000000006276e+03
-5.453150000000033288e+03
-6.584700000000007094e+03
-4.385150000000071486e+03
-5.963200000000144428e+03
-5.959800000000085674e+03
-6.272450000000021646e+03
-5.904550000000136606e+03
-4.248350000000072214e+03
-4.424000000000024556e+03
-6.320200000000017099e+03
-5.853650000000070577e+03
-6.090050000000166619e+03
-5.642650000000016007e+03
-3.636550000000004729e+03
-5.971850000000050386e+03
-5.637350000000110413e+03
-4.105700000000002547e+03
-5.212600000000084037e+03
-6.314500000000009095e+03
-6.056000000000034561e+03
-5.244650000000056934e+03
-4.633450000000003456e+03
-3.387650000000004184e+03
-5.027650000000147884e+03
-5.961850000000171349e+03
-6.780650000000148793e+03
-6.279350000000186810e+03
-3.276550000000030650e+03
-3.888350000000055388e+03
-6.251100000000166801e+03
-6.139050000000013824e+03
-5.780950000000108957e+03
-5.468150000000040563e+03
-5.577500000000179170e+03
-6.053250000000020009e+03
-5.714000000000172804e+03
-5.313200000000038017e+03
-3.683750000000007276e+03
-4.425300000000067485e+03
-4.964100000000114051e+03
-5.628350000000054933e+03
-5.094800000000064756e+03
-3.838150000000046020e+03
-4.706400000000013279e+03
-5.556800000000013824e+03
-6.395600000000014006e+03
-5.218350000000084947e+03
-5.786200000000023465e+03
-6.358850000000057662e+03
-3.709599999999999454e+03
-5.657400000000072396e+03
-4.376750000000055479e+03
-5.762250000000165528e+03
-3.691299999999998363e+03
-5.164000000000011823e+03
-6.558150000000046020e+03
-3.190749999999992724e+03
-5.980450000000050750e+03
-6.029249999999997272e+03
-5.609550000000174805e+03
-6.359300000000166619e+03
-3.321099999999995816e+03
-2.826750000000007276e+03
-5.298900000000023283e+03
-4.261300000000016553e+03
-4.648500000000085493e+03
-3.278049999999991542e+03
-5.291750000000145519e+03
-6.074550000000023829e+03
-4.065799999999996999e+03
-5.911750000000004547e+03
-4.184500000000036380e+03
-5.930500000000117325e+03
-5.385900000000073305e+03
-5.448650000000013279e+03
-5.917350000000099499e+03
-5.670250000000073669e+03
-5.347050000000011096e+03
-5.542700000000080763e+03
-5.324800000000122054e+03
-4.057850000000054479e+03
-4.323350000000062209e+03
-5.754550000000030195e+03
-5.253950000000032560e+03
-3.991600000000043110e+03
-5.491000000000057298e+03
-2.562799999999998363e+03
-4.235250000000032742e+03
-5.590150000000094224e+03
-5.450850000000044020e+03
-5.833450000000060754e+03
-5.251400000000041473e+03
-3.657699999999998909e+03
-6.035850000000039472e+03
-5.583100000000026739e+03
-3.322099999999994907e+03
-3.891800000000059299e+03
-4.592300000000059299e+03
-5.914700000000018917e+03
-4.101550000000023829e+03
-4.482800000000032924e+03
-5.113300000000035652e+03
-4.914500000000063665e+03
-5.441200000000062573e+03
-5.650350000000090404e+03
-4.986650000000116961e+03
-4.528550000000057480e+03
-4.419050000000071122e+03
-5.981050000000125692e+03
-1.048839999999993597e+04
-4.645750000000044565e+03
-3.218699999999993452e+03
-3.963800000000002456e+03
-6.181050000000042928e+03
-4.863400000000087857e+03
-4.558450000000072578e+03
-4.996450000000003456e+03
-4.271850000000054933e+03
-5.343450000000030741e+03
-5.969600000000005821e+03
-4.713150000000129694e+03
-6.343300000000186628e+03
-5.102800000000039290e+03
-4.234199999999998909e+03
-5.342350000000058571e+03
-4.685400000000054206e+03
-3.616350000000008095e+03
-5.344600000000071304e+03
-5.815250000000029104e+03
-3.758050000000037471e+03
-4.611850000000080399e+03
-5.066200000000031650e+03
-4.059200000000065756e+03
-6.087300000000014734e+03
-5.991850000000027649e+03
-4.889000000000102773e+03
-5.714400000000011460e+03
-5.877400000000035106e+03
-4.519150000000006912e+03
-5.658200000000006185e+03
-3.979950000000028012e+03
-5.221850000000134060e+03
-6.165150000000106957e+03
-4.578000000000007276e+03
-5.299250000000022737e+03
-4.964700000000043474e+03
-5.989500000000030013e+03
-4.706250000000081855e+03
-4.970400000000043292e+03
-5.477750000000134605e+03
-6.190500000000190994e+03
-5.532250000000055479e+03
-6.242550000000155705e+03
-4.166000000000065484e+03
-5.590550000000113869e+03
-5.175050000000013824e+03
-5.553350000000039472e+03
-4.361950000000019827e+03
-5.146200000000109867e+03
-5.858350000000014916e+03
-5.905600000000007640e+03
-6.127650000000006912e+03
-5.697400000000036925e+03
-4.595050000000107502e+03
-4.919350000000029468e+03
-5.872300000000051114e+03
-6.352200000000067121e+03
-4.699750000000107320e+03
-4.264550000000046566e+03
-4.636950000000053478e+03
-5.281900000000017826e+03
-5.239200000000023465e+03
-6.338500000000065484e+03
-5.824400000000005093e+03
-4.671200000000064392e+03
-5.385600000000124055e+03
-5.621950000000144428e+03
-5.897350000000010368e+03
-3.954600000000018099e+03
-5.796400000000009641e+03
-4.823850000000016735e+03
-4.970600000000125874e+03
-3.804350000000001728e+03
-6.031600000000005821e+03
-5.166350000000081309e+03
-6.251600000000039472e+03
-4.188999999999999091e+03
-5.360150000000089676e+03
-3.987800000000043383e+03
-5.049450000000031650e+03
-5.324150000000147884e+03
-4.112850000000038563e+03
-4.685700000000049840e+03
-3.884500000000057298e+03
-5.686500000000058208e+03
-5.081750000000080945e+03
-5.654950000000015280e+03
-4.100500000000065484e+03
-5.733500000000094587e+03
-5.667700000000137152e+03
-4.740250000000058208e+03
-4.939250000000020009e+03
-4.889400000000091495e+03
-5.972050000000016553e+03
-3.776050000000033833e+03
-4.069050000000063847e+03
-6.002450000000074397e+03
-5.858600000000128603e+03
-4.967750000000141881e+03
-5.623400000000087857e+03
-4.256250000000015461e+03
-4.894200000000100772e+03
-3.879550000000038381e+03
-5.688150000000019645e+03
-4.919500000000075488e+03
-4.060900000000046930e+03
-5.372400000000048749e+03
-6.180350000000040382e+03
-5.662650000000020555e+03
-4.441800000000062937e+03
-6.035900000000020555e+03
-4.851750000000022737e+03
-5.794650000000025102e+03
-5.891500000000065484e+03
-5.535300000000105683e+03
-4.309200000000038926e+03
-5.626750000000006366e+03
-4.417600000000073123e+03
-4.620800000000010186e+03
-2.787099999999996726e+03
-5.178500000000040018e+03
-4.535600000000047658e+03
-5.901400000000014188e+03
-4.051450000000004820e+03
-5.341750000000098225e+03
-4.323850000000028558e+03
-2.884849999999989905e+03
-4.227100000000051296e+03
-5.722350000000090404e+03
-5.098850000000087675e+03
-5.604450000000090768e+03
-6.016000000000161890e+03
-5.082450000000065302e+03
-4.934600000000060390e+03
-4.007750000000022737e+03
-3.754900000000013279e+03
-5.117000000000013642e+03
-4.941000000000140972e+03
-5.893750000000004547e+03
-5.597600000000102227e+03
-4.784250000000001819e+03
-4.559650000000077853e+03
-5.274300000000002910e+03
-5.591850000000025830e+03
-5.208200000000096225e+03
-3.400950000000019827e+03
-4.255850000000054024e+03
-5.019850000000004911e+03
-5.392950000000045293e+03
-4.821550000000010186e+03
-4.906650000000031469e+03
-4.883200000000098953e+03
-5.110250000000036380e+03
-5.644450000000073487e+03
-5.570849999999998545e+03
-5.227750000000034561e+03
-5.843350000000099499e+03
-3.450299999999993815e+03
-5.922100000000035834e+03
-4.173000000000047294e+03
-4.257100000000074033e+03
-4.078050000000094315e+03
-5.421600000000003092e+03
-4.662100000000069485e+03
-5.064300000000125692e+03
-6.089850000000034015e+03
-4.884450000000008913e+03
-4.635000000000097316e+03
-5.103150000000031469e+03
-4.154450000000030741e+03
-5.117650000000038744e+03
-4.277700000000045293e+03
-5.017800000000068394e+03
-5.328900000000055115e+03
-5.656800000000061118e+03
-5.775450000000032560e+03
-5.022350000000138607e+03
-5.333300000000080217e+03
-3.531050000000016098e+03
-3.477199999999990723e+03
-5.542900000000055115e+03
-3.749400000000008731e+03
-3.659850000000003092e+03
-4.757700000000033469e+03
-4.437000000000045475e+03
-5.392500000000068212e+03
-4.333700000000042564e+03
-3.693800000000032924e+03
-5.834150000000018736e+03
-4.430950000000023465e+03
-3.805200000000001637e+03
-5.121500000000038199e+03
-5.549700000000050750e+03
-5.282100000000149521e+03
-5.692800000000065666e+03
-4.439000000000059117e+03
-5.007749999999996362e+03
-3.784350000000063574e+03
-3.899300000000006094e+03
-5.558750000000017280e+03
-2.950200000000005275e+03
-5.314950000000121690e+03
-4.040100000000006276e+03
-5.595100000000007640e+03
-4.305850000000023101e+03
-5.326950000000071668e+03
-5.673950000000063483e+03
-3.979700000000046657e+03
-5.024600000000009459e+03
-4.842550000000085674e+03
-5.300800000000026557e+03
-5.500500000000111868e+03
-3.224350000000024920e+03
-5.692050000000066575e+03
-4.635150000000056934e+03
-4.411000000000080945e+03
-3.880650000000056934e+03
-4.887950000000057116e+03
-5.954300000000021100e+03
-5.188200000000017099e+03
-5.041400000000029650e+03
-3.608000000000044565e+03
-5.703150000000038744e+03
-4.804450000000092587e+03
-5.587150000000011460e+03
-3.321950000000013006e+03
-4.806850000000019463e+03
-4.316550000000008367e+03
-4.194850000000014916e+03
-4.560250000000048203e+03
-5.422250000000085493e+03
-5.305400000000012369e+03
-5.470250000000088221e+03
-5.425100000000032196e+03
-3.678700000000038017e+03
-4.292550000000054752e+03
-4.821800000000065666e+03
-5.240200000000044383e+03
-5.979750000000146429e+03
-4.861550000000075670e+03
-5.668300000000020191e+03
-5.322450000000078035e+03
-5.718400000000152431e+03
-4.750850000000031287e+03
-3.990750000000070031e+03
-1.474789999999981592e+04
-4.894100000000104956e+03
-4.347100000000002183e+03
-4.110750000000055479e+03
-5.323450000000092587e+03
-4.020900000000056025e+03
-5.444950000000018917e+03
-5.559050000000053842e+03
-5.142850000000060390e+03
-3.764000000000035470e+03
-4.442550000000009277e+03
-4.448100000000057662e+03
-4.416750000000074579e+03
-5.621950000000015280e+03
-5.650700000000055297e+03
-4.514100000000031287e+03
-5.829300000000009277e+03
-3.258099999999993997e+03
-5.518350000000128603e+03
-3.473450000000022555e+03
-4.808450000000083492e+03
-5.293600000000024920e+03
-3.601750000000041837e+03
-5.382250000000017280e+03
-4.972450000000085311e+03
-4.040600000000066302e+03
-3.849250000000046384e+03
-4.189600000000039472e+03
-5.623450000000008004e+03
-5.181950000000071668e+03
-5.019350000000076761e+03
-3.655449999999997544e+03
-3.453599999999993088e+03
-4.334300000000041109e+03
-4.909500000000017280e+03
-3.670200000000032560e+03
-3.875700000000034379e+03
-4.343100000000034925e+03
-4.853800000000061118e+03
-4.599750000000010004e+03
-3.605700000000008458e+03
-5.058550000000047476e+03
-4.663400000000012369e+03
-3.723500000000052751e+03
-3.511600000000010368e+03
-5.056500000000003638e+03
-5.207000000000010004e+03
-4.434300000000047476e+03
-4.545050000000060209e+03
-4.802750000000114596e+03
-5.781650000000026921e+03
-4.768050000000060209e+03
-3.957950000000017099e+03
-4.254750000000053660e+03
