-5.970100000000052205e+03
-5.668000000000069122e+03
-6.865300000000005639e+03
-5.879900000000050568e+03
-4.863350000000072214e+03
-5.575000000000085493e+03
-4.422300000000052933e+03
-2.892250000000011823e+03
-6.098150000000099681e+03
-4.141050000000031105e+03
-4.070249999999999091e+03
-6.576850000000024920e+03
-5.024650000000096952e+03
-4.347200000000066211e+03
-5.073800000000026557e+03
-4.826350000000068576e+03
-5.463150000000077853e+03
-6.981500000000024556e+03
-3.780300000000003365e+03
-4.406699999999989814e+03
-6.634400000000011460e+03
-7.039300000000016553e+03
-6.211950000000037107e+03
-5.761600000000138607e+03
-6.792700000000083492e+03
-4.546400000000058753e+03
-4.781400000000049658e+03
-5.052250000000052751e+03
-4.002100000000021737e+03
-5.711700000000026193e+03
-6.310100000000083128e+03
-5.905450000000079854e+03
-6.514200000000060754e+03
-5.125050000000069303e+03
-5.112700000000110776e+03
-3.500750000000005457e+03
-6.851050000000019281e+03
-6.512050000000041109e+03
-4.537600000000043110e+03
-5.298900000000104228e+03
-6.265250000000080036e+03
-5.356400000000067848e+03
-5.408300000000137516e+03
-6.517750000000052751e+03
-6.207149999999989632e+03
-4.466700000000099863e+03
-5.631450000000048021e+03
-4.248800000000049295e+03
-3.999450000000056662e+03
-6.306800000000032924e+03
-6.089550000000044747e+03
-6.233650000000164255e+03
-6.188150000000025102e+03
-5.699850000000178625e+03
-5.059700000000018008e+03
-4.414150000000071486e+03
-5.451750000000065484e+03
-4.959300000000015643e+03
-4.906850000000110413e+03
-3.969400000000068303e+03
-6.453450000000081673e+03
-6.182450000000153523e+03
-4.775650000000014188e+03
-5.506200000000137152e+03
-5.651750000000055479e+03
-6.270700000000032560e+03
-4.257350000000004002e+03
-6.172100000000009459e+03
-6.638300000000038381e+03
-6.448550000000193904e+03
-4.794150000000026921e+03
-6.352600000000167711e+03
-6.537800000000019281e+03
-6.383750000000000000e+03
-5.648800000000157524e+03
-3.831300000000045202e+03
-6.428550000000039290e+03
-3.951149999999994179e+03
-6.060700000000229011e+03
-4.375050000000023829e+03
-3.977650000000020555e+03
-6.148800000000029286e+03
-4.430250000000021828e+03
-4.443000000000022737e+03
-5.384350000000088585e+03
-4.640900000000016917e+03
-5.679250000000025466e+03
-5.873700000000061664e+03
-5.267400000000072396e+03
-6.754450000000013461e+03
-4.784150000000039654e+03
-3.890450000000061209e+03
-4.132500000000069122e+03
-4.123200000000049840e+03
-4.384800000000003820e+03
-5.687900000000146065e+03
-4.741650000000004184e+03
-5.364850000000024011e+03
-5.917750000000180080e+03
-5.572750000000014552e+03
-6.101100000000107684e+03
-4.065350000000044929e+03
-6.234750000000046384e+03
-5.579450000000131695e+03
-5.752300000000045657e+03
-6.110250000000011823e+03
-6.077050000000027467e+03
-5.881000000000040927e+03
-6.324550000000028376e+03
-1.008399999999996726e+04
-5.424150000000048749e+03
-5.896050000000088403e+03
-5.983150000000059663e+03
-4.671850000000007640e+03
-4.527700000000058026e+03
-5.938250000000025466e+03
-6.061950000000038926e+03
-3.607450000000019372e+03
-5.169750000000058208e+03
-3.458300000000001546e+03
-3.654050000000001546e+03
-6.053850000000089494e+03
-5.095900000000023283e+03
-4.841100000000007640e+03
-4.586400000000067848e+03
-5.946950000000082582e+03
-5.101650000000145155e+03
-4.858950000000038017e+03
-3.880950000000040745e+03
-6.044600000000065847e+03
-4.990250000000001819e+03
-6.412550000000002910e+03
-4.181750000000007276e+03
-6.165950000000074397e+03
-5.633950000000149885e+03
-6.469750000000160071e+03
-5.417050000000121145e+03
-3.856350000000018554e+03
-6.583900000000195178e+03
-4.215450000000039836e+03
-4.725150000000003274e+03
-6.108000000000064574e+03
-4.246650000000017826e+03
-6.381400000000200635e+03
-5.435250000000080945e+03
-6.267300000000022919e+03
-5.773350000000165892e+03
-5.889100000000066757e+03
-3.971650000000056480e+03
-3.872550000000007003e+03
-5.232200000000011642e+03
-5.302750000000059117e+03
-4.750300000000102045e+03
-6.329600000000057662e+03
-5.292300000000009277e+03
-5.273800000000034743e+03
-5.742900000000096043e+03
-5.969600000000154978e+03
-3.947050000000017917e+03
-5.730550000000075670e+03
-4.377300000000031105e+03
-4.578600000000004911e+03
-6.355050000000038381e+03
-5.424750000000090949e+03
-6.205150000000060572e+03
-5.835550000000095679e+03
-4.353950000000051659e+03
-5.402500000000157343e+03
-3.280399999999990087e+03
-5.444100000000033106e+03
-5.723250000000150067e+03
-5.148450000000024374e+03
-3.940600000000006276e+03
-5.453150000000033288e+03
-6.584700000000007094e+03
-4.385150000000071486e+03
-5.963200000000144428e+03
-5.959800000000085674e+03
-6.272450000000021646e+03
-5.904550000000136606e+03
-4.248350000000072214e+03
-4.424000000000024556e+03
-6.320200000000017099e+03
-5.853650000000070577e+03
-6.090050000000166619e+03
-5.642650000000016007e+03
-3.636550000000004729e+03
-5.971850000000050386e+03
-5.637350000000110413e+03
-4.105700000000002547e+03
-5.212600000000084037e+03
-6.314500000000009095e+03
-6.056000000000034561e+03
-5.244650000000056934e+03
-4.633450000000003456e+03
-3.387650000000004184e+03
-5.027650000000147884e+03
-5.961850000000171349e+03
-6.780650000000148793e+03
-6.279350000000186810e+03
-3.276550000000030650e+03
-3.888350000000055388e+03
-6.251100000000166801e+03
-6.139050000000013824e+03
-5.780950000000108957e+03
-5.468150000000040563e+03
-5.577500000000179170e+03
-6.053250000000020009e+03
-5.714000000000172804e+03
-5.313200000000038017e+03
-3.683750000000007276e+03
-4.425300000000067485e+03
-4.964100000000114051e+03
-5.628350000000054933e+03
-5.094800000000064756e+03
-3.838150000000046020e+03
-4.706400000000013279e+03
-5.556800000000013824e+03
-6.395600000000014006e+03
-5.218350000000084947e+03
-5.786200000000023465e+03
-6.358850000000057662e+03
-3.709599999999999454e+03
-5.657400000000072396e+03
-4.376750000000055479e+03
-5.762250000000165528e+03
-3.691299999999998363e+03
-5.164000000000011823e+03
-6.558150000000046020e+03
-3.190749999999992724e+03
-5.980450000000050750e+03
-6.029249999999997272e+03
-5.609550000000174805e+03
-6.359300000000166619e+03
-3.321099999999995816e+03
-2.826750000000007276e+03
-5.298900000000023283e+03
-4.261300000000016553e+03
-4.648500000000085493e+03
-3.278049999999991542e+03
-5.291750000000145519e+03
-6.074550000000023829e+03
-4.065799999999996999e+03
-5.911750000000004547e+03
-4.184500000000036380e+03
-5.930500000000117325e+03
-5.385900000000073305e+03
-5.448650000000013279e+03
-5.917350000000099499e+03
-5.670250000000073669e+03
-5.347050000000011096e+03
-5.542700000000080763e+03
-5.324800000000122054e+03
-4.057850000000054479e+03
-4.323350000000062209e+03
-5.754550000000030195e+03
-5.253950000000032560e+03
-3.991600000000043110e+03
-5.491000000000057298e+03
-2.562799999999998363e+03
-4.235250000000032742e+03
-5.590150000000094224e+03
-5.450850000000044020e+03
-5.833450000000060754e+03
-5.251400000000041473e+03
-3.657699999999998909e+03
-6.035850000000039472e+03
-5.583100000000026739e+03
-3.322099999999994907e+03
-3.891800000000059299e+03
-4.592300000000059299e+03
-5.914700000000018917e+03
-4.101550000000023829e+03
-4.482800000000032924e+03
-5.113300000000035652e+03
-4.914500000000063665e+03
-5.441200000000062573e+03
-5.650350000000090404e+03
-4.986650000000116961e+03
-4.528550000000057480e+03
-4.419050000000071122e+03
-5.981050000000125692e+03
-1.048839999999993597e+04
-4.645750000000044565e+03
-3.218699999999993452e+03
-3.963800000000002456e+03
-6.181050000000042928e+03
-4.863400000000087857e+03
-4.558450000000072578e+03
-4.996450000000003456e+03
-4.271850000000054933e+03
-5.343450000000030741e+03
-5.969600000000005821e+03
-4.713150000000129694e+03
-6.343300000000186628e+03
-5.102800000000039290e+03
-4.234199999999998909e+03
-5.342350000000058571e+03
-4.685400000000054206e+03
-3.616350000000008095e+03
-5.344600000000071304e+03
-5.815250000000029104e+03
-3.758050000000037471e+03
-4.611850000000080399e+03
-5.066200000000031650e+03
-4.059200000000065756e+03
-6.087300000000014734e+03
-5.991850000000027649e+03
-4.889000000000102773e+03
-5.714400000000011460e+03
-5.877400000000035106e+03
-4.519150000000006912e+03
-5.658200000000006185e+03
-3.979950000000028012e+03
-5.221850000000134060e+03
-6.165150000000106957e+03
-4.578000000000007276e+03
-5.299250000000022737e+03
-4.964700000000043474e+03
-5.989500000000030013e+03
-4.706250000000081855e+03
-4.970400000000043292e+03
-5.477750000000134605e+03
-6.190500000000190994e+03
-5.532250000000055479e+03
-6.242550000000155705e+03
-4.166000000000065484e+03
-5.590550000000113869e+03
-5.175050000000013824e+03
-5.553350000000039472e+03
-4.361950000000019827e+03
-5.146200000000109867e+03
-5.858350000000014916e+03
-5.905600000000007640e+03
-6.127650000000006912e+03
-5.697400000000036925e+03
-4.595050000000107502e+03
-4.919350000000029468e+03
-5.872300000000051114e+03
-6.352200000000067121e+03
-4.699750000000107320e+03
-4.264550000000046566e+03
-4.636950000000053478e+03
-5.281900000000017826e+03
-5.239200000000023465e+03
-6.338500000000065484e+03
-5.824400000000005093e+03
-4.671200000000064392e+03
-5.385600000000124055e+03
-5.621950000000144428e+03
-5.897350000000010368e+03
-3.954600000000018099e+03
-5.796400000000009641e+03
-4.823850000000016735e+03
-4.970600000000125874e+03
-3.804350000000001728e+03
-6.031600000000005821e+03
-5.166350000000081309e+03
-6.251600000000039472e+03
-4.188999999999999091e+03
-5.360150000000089676e+03
-3.987800000000043383e+03
-5.049450000000031650e+03
-5.324150000000147884e+03
-4.112850000000038563e+03
-4.685700000000049840e+03
-3.884500000000057298e+03
-5.686500000000058208e+03
-5.081750000000080945e+03
-5.654950000000015280e+03
-4.100500000000065484e+03
-5.733500000000094587e+03
-5.667700000000137152e+03
-4.740250000000058208e+03
-4.939250000000020009e+03
-4.889400000000091495e+03
-5.972050000000016553e+03
-3.776050000000033833e+03
-4.069050000000063847e+03
-6.002450000000074397e+03
-5.858600000000128603e+03
-4.967750000000141881e+03
-5.623400000000087857e+03
-4.256250000000015461e+03
-4.894200000000100772e+03
-3.879550000000038381e+03
-5.688150000000019645e+03
-4.919500000000075488e+03
-4.060900000000046930e+03
-5.372400000000048749e+03
-6.180350000000040382e+03
-5.662650000000020555e+03
-4.441800000000062937e+03
-6.035900000000020555e+03
-4.851750000000022737e+03
-5.794650000000025102e+03
-5.891500000000065484e+03
-5.535300000000105683e+03
-4.309200000000038926e+03
-5.626750000000006366e+03
-4.417600000000073123e+03
-4.620800000000010186e+03
-2.787099999999996726e+03
-5.178500000000040018e+03
-4.535600000000047658e+03
-5.901400000000014188e+03
-4.051450000000004820e+03
-5.341750000000098225e+03
-4.323850000000028558e+03
-2.884849999999989905e+03
-4.227100000000051296e+03
-5.722350000000090404e+03
-5.098850000000087675e+03
-5.604450000000090768e+03
-6.016000000000161890e+03
-5.082450000000065302e+03
-4.934600000000060390e+03
-4.007750000000022737e+03
-3.754900000000013279e+03
-5.117000000000013642e+03
-4.941000000000140972e+03
-5.893750000000004547e+03
-5.597600000000102227e+03
-4.784250000000001819e+03
-4.559650000000077853e+03
-5.274300000000002910e+03
-5.591850000000025830e+03
-5.208200000000096225e+03
-3.400950000000019827e+03
-4.255850000000054024e+03
-5.019850000000004911e+03
-5.392950000000045293e+03
-4.821550000000010186e+03
-4.906650000000031469e+03
-4.883200000000098953e+03
-5.110250000000036380e+03
-5.644450000000073487e+03
-5.570849999999998545e+03
-5.227750000000034561e+03
-5.843350000000099499e+03
-3.450299999999993815e+03
-5.922100000000035834e+03
-4.173000000000047294e+03
-4.257100000000074033e+03
-4.078050000000094315e+03
-5.421600000000003092e+03
-4.662100000000069485e+03
-5.064300000000125692e+03
-6.089850000000034015e+03
-4.884450000000008913e+03
-4.635000000000097316e+03
-5.103150000000031469e+03
-4.154450000000030741e+03
-5.117650000000038744e+03
-4.277700000000045293e+03
-5.017800000000068394e+03
-5.328900000000055115e+03
-5.656800000000061118e+03
-5.775450000000032560e+03
-5.022350000000138607e+03
-5.333300000000080217e+03
-3.531050000000016098e+03
-3.477199999999990723e+03
-5.542900000000055115e+03
-3.749400000000008731e+03
-3.659850000000003092e+03
-4.757700000000033469e+03
-4.437000000000045475e+03
-5.392500000000068212e+03
-4.333700000000042564e+03
-3.693800000000032924e+03
-5.834150000000018736e+03
-4.430950000000023465e+03
-3.805200000000001637e+03
-5.121500000000038199e+03
-5.549700000000050750e+03
-5.282100000000149521e+03
-5.692800000000065666e+03
-4.439000000000059117e+03
-5.007749999999996362e+03
-3.784350000000063574e+03
-3.899300000000006094e+03
-5.558750000000017280e+03
-2.950200000000005275e+03
-5.314950000000121690e+03
-4.040100000000006276e+03
-5.595100000000007640e+03
-4.305850000000023101e+03
-5.326950000000071668e+03
-5.673950000000063483e+03
-3.979700000000046657e+03
-5.024600000000009459e+03
-4.842550000000085674e+03
-5.300800000000026557e+03
-5.500500000000111868e+03
-3.224350000000024920e+03
-5.692050000000066575e+03
-4.635150000000056934e+03
-4.411000000000080945e+03
-3.880650000000056934e+03
-4.887950000000057116e+03
-5.954300000000021100e+03
-5.188200000000017099e+03
-5.041400000000029650e+03
-3.608000000000044565e+03
-5.703150000000038744e+03
-4.804450000000092587e+03
-5.587150000000011460e+03
-3.321950000000013006e+03
-4.806850000000019463e+03
-4.316550000000008367e+03
-4.194850000000014916e+03
-4.560250000000048203e+03
-5.422250000000085493e+03
-5.305400000000012369e+03
-5.470250000000088221e+03
-5.425100000000032196e+03
-3.678700000000038017e+03
-4.292550000000054752e+03
-4.821800000000065666e+03
-5.240200000000044383e+03
-5.979750000000146429e+03
-4.861550000000075670e+03
-5.668300000000020191e+03
-5.322450000000078035e+03
-5.718400000000152431e+03
-4.750850000000031287e+03
-3.990750000000070031e+03
-1.474789999999981592e+04
-4.894100000000104956e+03
-4.347100000000002183e+03
-4.110750000000055479e+03
-5.323450000000092587e+03
-4.020900000000056025e+03
-5.444950000000018917e+03
-5.559050000000053842e+03
-5.142850000000060390e+03
-3.764000000000035470e+03
-4.442550000000009277e+03
-4.448100000000057662e+03
-4.416750000000074579e+03
-5.621950000000015280e+03
-5.650700000000055297e+03
-4.514100000000031287e+03
-5.829300000000009277e+03
-3.258099999999993997e+03
-5.518350000000128603e+03
-3.473450000000022555e+03
-4.808450000000083492e+03
-5.293600000000024920e+03
-3.601750000000041837e+03
-5.382250000000017280e+03
-4.972450000000085311e+03
-4.040600000000066302e+03
-3.849250000000046384e+03
-4.189600000000039472e+03
-5.623450000000008004e+03
-5.181950000000071668e+03
-5.019350000000076761e+03
-3.655449999999997544e+03
-3.453599999999993088e+03
-4.334300000000041109e+03
-4.909500000000017280e+03
-3.670200000000032560e+03
-3.875700000000034379e+03
-4.343100000000034925e+03
-4.853800000000061118e+03
-4.599750000000010004e+03
-3.605700000000008458e+03
-5.058550000000047476e+03
-4.663400000000012369e+03
-3.723500000000052751e+03
-3.511600000000010368e+03
-5.056500000000003638e+03
-5.207000000000010004e+03
-4.434300000000047476e+03
-4.545050000000060209e+03
-4.802750000000114596e+03
-5.781650000000026921e+03
-4.768050000000060209e+03
-3.957950000000017099e+03
-4.254750000000053660e+03
-3.481000000000032742e+03
-5.053650000000062391e+03
-3.660550000000031105e+03
-5.836400000000157888e+03
-4.978350000000067666e+03
-4.535200000000035288e+03
-3.781149999999994634e+03
-5.176400000000015098e+03
-3.141150000000000091e+03
-4.943050000000047476e+03
-2.733799999999995634e+03
-4.124900000000005093e+03
-4.390000000000048203e+03
-2.859300000000001091e+03
-4.830000000000055479e+03
-4.823800000000056571e+03
-5.121450000000143518e+03
-4.380850000000014916e+03
-3.441400000000028285e+03
-3.890050000000052933e+03
-5.436750000000090949e+03
-3.481250000000007276e+03
-4.830350000000014916e+03
-5.481900000000043292e+03
-5.533800000000023829e+03
-4.471450000000051659e+03
-5.047200000000035288e+03
-3.302049999999997908e+03
-5.381850000000024920e+03
-5.141600000000074942e+03
-5.896250000000027285e+03
-5.445750000000027285e+03
-5.343850000000035834e+03
-4.278250000000050932e+03
-5.412500000000081855e+03
-4.533450000000029831e+03
-4.679750000000088221e+03
-4.784300000000032924e+03
-3.419650000000027831e+03
-4.847000000000067303e+03
-5.125200000000068940e+03
-2.495850000000006276e+03
-3.596200000000015280e+03
-4.593150000000066939e+03
-3.813050000000047021e+03
-3.840700000000007094e+03
-4.949550000000053842e+03
-3.336600000000016735e+03
-3.655450000000045748e+03
-5.380650000000066029e+03
-4.611100000000083128e+03
-3.427500000000024556e+03
-4.932900000000018736e+03
-4.072700000000056662e+03
-4.360050000000011096e+03
-3.894850000000046748e+03
-3.038249999999995453e+03
-5.131900000000103319e+03
-5.108950000000109867e+03
-4.362900000000065120e+03
-3.421800000000038381e+03
-3.515400000000075579e+03
-5.652900000000153341e+03
-3.449700000000043474e+03
-4.799350000000088585e+03
-5.225250000000020918e+03
-3.289650000000028740e+03
-4.775450000000106229e+03
-5.174950000000079854e+03
-5.465700000000009823e+03
-5.170350000000023101e+03
-2.912800000000006548e+03
-4.147650000000032378e+03
-3.079900000000032378e+03
-5.104500000000021828e+03
-4.264350000000048567e+03
-4.318000000000002728e+03
-4.378200000000033469e+03
-4.305800000000013824e+03
-4.230500000000054570e+03
-4.562400000000069667e+03
-3.832150000000046020e+03
-3.428250000000010004e+03
-5.452049999999996544e+03
-3.515450000000032105e+03
-2.348999999999995453e+03
-4.306900000000029650e+03
-3.535050000000016553e+03
-5.150750000000052751e+03
-4.152700000000048021e+03
-4.148200000000014370e+03
-5.587900000000039654e+03
-4.846000000000071850e+03
-3.594550000000044747e+03
-3.681550000000041564e+03
-5.054100000000082218e+03
-5.072750000000121872e+03
-4.824000000000075488e+03
-5.070700000000025284e+03
-2.482999999999996817e+03
-5.542750000000036380e+03
-5.351800000000035652e+03
-4.462000000000048203e+03
-4.331400000000026921e+03
-3.506000000000013642e+03
-3.558050000000033833e+03
-4.841250000000020009e+03
-3.400100000000025830e+03
-5.294400000000056025e+03
-5.052200000000010732e+03
-3.608850000000043110e+03
-3.598200000000024374e+03
-4.557300000000061118e+03
-4.934950000000054388e+03
-3.716300000000013824e+03
-3.015199999999998909e+03
-3.752450000000017553e+03
-5.388100000000000364e+03
-3.850750000000021373e+03
-5.158600000000021282e+03
-3.344100000000026739e+03
-5.288800000000080217e+03
-4.797000000000040927e+03
-3.290750000000004547e+03
-3.909250000000048203e+03
-4.918800000000052933e+03
-3.057199999999998909e+03
-4.825550000000067485e+03
-5.115950000000085311e+03
-4.393350000000075852e+03
-3.940500000000029559e+03
-4.871400000000054206e+03
-4.309600000000018554e+03
-2.861150000000022374e+03
-8.734599999999962165e+03
-3.193249999999993634e+03
-5.217450000000007094e+03
-5.170950000000048021e+03
-4.312000000000022737e+03
-5.337450000000031650e+03
-3.261099999999989450e+03
-4.793050000000033833e+03
-5.431800000000041109e+03
-5.560750000000018190e+03
-3.900700000000013461e+03
-5.083600000000054024e+03
-4.598800000000002001e+03
-4.043800000000026102e+03
-4.071450000000003456e+03
-5.047300000000069303e+03
-4.822700000000059845e+03
-3.887150000000033742e+03
-5.213900000000018736e+03
-2.875300000000029286e+03
-3.754900000000046020e+03
-3.220249999999988631e+03
-5.036800000000022010e+03
-3.347049999999999727e+03
-3.730900000000046020e+03
-4.673350000000041291e+03
-3.706099999999997181e+03
-4.101549999999988358e+03
-3.873700000000057116e+03
-3.027250000000028649e+03
-4.049649999999999181e+03
-3.150350000000009913e+03
-4.330300000000045657e+03
-3.256000000000018190e+03
-4.772850000000052205e+03
-4.545700000000038926e+03
-3.301049999999986085e+03
-3.744100000000047203e+03
-5.246850000000016735e+03
-3.921150000000007367e+03
-5.119600000000076761e+03
-5.104050000000012005e+03
-3.771300000000058390e+03
-4.160900000000006003e+03
-4.357150000000033288e+03
-5.322050000000048385e+03
-5.063250000000018190e+03
-3.615700000000000273e+03
-4.509600000000032196e+03
-3.213200000000006639e+03
-5.526500000000073669e+03
-3.296199999999993452e+03
-4.934150000000028740e+03
-4.653500000000036380e+03
-3.105100000000018099e+03
-5.161400000000011460e+03
-4.507200000000038017e+03
-3.387550000000010186e+03
-5.165300000000043838e+03
-4.791000000000057298e+03
-4.795000000000035470e+03
-4.038850000000035834e+03
-5.221200000000008004e+03
-3.919200000000020282e+03
-4.105950000000013461e+03
-4.620500000000020918e+03
-2.637350000000011278e+03
-3.928200000000001637e+03
-2.937949999999996180e+03
-4.867350000000086766e+03
-4.701850000000095861e+03
-4.825300000000044747e+03
-5.124550000000030195e+03
-3.839150000000026921e+03
-4.224350000000057662e+03
-4.849150000000031469e+03
-4.598300000000100226e+03
-3.953949999999992087e+03
-3.845850000000010368e+03
-4.731400000000089676e+03
-3.767800000000027921e+03
-3.473550000000014279e+03
-3.593050000000059754e+03
-4.652700000000019827e+03
-4.111750000000021828e+03
-5.213900000000057844e+03
-5.194550000000051114e+03
-4.884500000000055479e+03
-4.466300000000051114e+03
-5.044450000000037107e+03
-2.866350000000009459e+03
-5.239150000000071486e+03
-2.999400000000012369e+03
-3.475350000000018554e+03
-4.563650000000039654e+03
-2.872350000000011278e+03
-4.311800000000032924e+03
-4.230200000000002547e+03
-4.138450000000009823e+03
-3.553600000000025375e+03
-3.173850000000000819e+03
-4.118350000000005821e+03
-4.959850000000104956e+03
-4.262900000000007822e+03
-3.965300000000000637e+03
-4.406550000000073851e+03
-4.306750000000057298e+03
-5.171450000000008004e+03
-4.661100000000031287e+03
-3.422100000000031287e+03
-2.604100000000002183e+03
-4.778200000000052569e+03
-3.031800000000008822e+03
-4.807950000000044383e+03
-4.860000000000040927e+03
-2.622749999999996817e+03
-5.373850000000042201e+03
-4.592700000000048021e+03
-4.545100000000057662e+03
-2.848800000000022010e+03
-4.717500000000124601e+03
-3.316350000000055843e+03
-3.179350000000028103e+03
-2.974400000000000546e+03
-3.889100000000022646e+03
-4.215900000000023283e+03
-2.554099999999999454e+03
-2.831900000000019190e+03
-3.333900000000007367e+03
-3.484499999999993634e+03
-3.359449999999987540e+03
-3.749400000000032833e+03
-3.568549999999997453e+03
-4.340350000000032196e+03
-2.523899999999992815e+03
-2.430850000000002638e+03
-3.583450000000023465e+03
-4.814400000000005093e+03
-4.401450000000052569e+03
-4.145400000000053296e+03
-3.436900000000021464e+03
-3.283050000000041109e+03
-3.820400000000017371e+03
-3.353049999999971533e+03
-4.481450000000028012e+03
-4.424500000000007276e+03
-4.849450000000040745e+03
-3.785750000000040473e+03
-4.391850000000046748e+03
-2.490750000000003183e+03
-2.944349999999989450e+03
-5.016450000000035288e+03
-3.420700000000024829e+03
-3.663900000000005548e+03
-5.019450000000024374e+03
-3.771300000000045202e+03
-3.442050000000006548e+03
-3.841800000000021555e+03
-4.752750000000063665e+03
-4.199049999999999272e+03
-3.212250000000000909e+03
-2.859150000000000091e+03
-4.682450000000028012e+03
-4.805800000000069303e+03
-3.571350000000009004e+03
-4.203949999999997090e+03
-4.305450000000008913e+03
-3.890749999999996817e+03
-4.872400000000013279e+03
-4.848300000000039290e+03
-4.083950000000039836e+03
-5.395600000000070395e+03
-2.527199999999996635e+03
-4.075100000000009004e+03
-4.883050000000018372e+03
-4.518850000000095861e+03
-2.996800000000031105e+03
-3.154600000000005821e+03
-4.822900000000028740e+03
-3.886000000000008640e+03
-3.519950000000015280e+03
-3.043550000000029740e+03
-3.443400000000036016e+03
-3.834950000000028467e+03
-2.941550000000002001e+03
-3.902100000000047203e+03
-4.309850000000016735e+03
-4.657800000000078398e+03
-3.115850000000025830e+03
-4.218350000000075852e+03
-5.169500000000051841e+03
-3.875050000000031559e+03
-4.192300000000030195e+03
-3.005549999999995634e+03
-3.584600000000031287e+03
-2.719650000000000546e+03
-5.029750000000030923e+03
-4.792000000000050022e+03
-5.485850000000028558e+03
-3.702149999999996453e+03
-3.506750000000022283e+03
-3.090000000000000455e+03
-4.737900000000022374e+03
-2.227299999999985630e+03
-4.444150000000021464e+03
-3.855800000000036107e+03
-3.424200000000008913e+03
-3.706100000000036744e+03
-3.169849999999989450e+03
-3.339600000000012642e+03
-2.277000000000002274e+03
-4.301050000000042928e+03
-4.147650000000012369e+03
-4.183450000000023465e+03
-4.204250000000018190e+03
-2.384599999999997635e+03
-5.255550000000053842e+03
-2.127149999999984630e+03
-3.210849999999993997e+03
-5.178800000000005639e+03
-4.675400000000003274e+03
-2.943450000000005275e+03
-3.857900000000018281e+03
-3.242400000000022374e+03
-4.963000000000028194e+03
-3.553850000000008095e+03
-2.405199999999997544e+03
-4.659900000000026921e+03
-4.636900000000035106e+03
-4.056200000000013461e+03
-4.485000000000030013e+03
-4.429200000000046202e+03
-4.763450000000016189e+03
-3.713250000000049113e+03
-3.365950000000040745e+03
-2.828399999999994179e+03
-4.595000000000050932e+03
-3.973600000000016280e+03
-3.651300000000002456e+03
-3.186350000000019918e+03
-3.180800000000004729e+03
-4.019300000000012005e+03
-2.982049999999992906e+03
-4.638000000000031832e+03
-3.325050000000022010e+03
-2.717100000000005366e+03
-3.876650000000005093e+03
-3.322200000000016644e+03
-2.973200000000008004e+03
-4.459050000000024738e+03
-2.269249999999994543e+03
-3.983200000000026193e+03
-3.612100000000015370e+03
-4.105749999999999091e+03
-3.941499999999999545e+03
-4.807900000000026012e+03
-1.064964999999989595e+04
-3.408650000000015552e+03
-4.531100000000017644e+03
-3.880849999999996271e+03
-3.427450000000041655e+03
-4.758100000000021282e+03
-4.057450000000063483e+03
-2.584599999999996726e+03
-4.524300000000019281e+03
-3.001900000000024647e+03
-3.623500000000025011e+03
-4.822500000000061846e+03
-4.360750000000027285e+03
-3.800250000000017280e+03
-3.916300000000007458e+03
-4.025550000000032469e+03
-4.475200000000002547e+03
-2.125049999999998818e+03
-4.908550000000019281e+03
-4.897000000000085493e+03
-4.263600000000046748e+03
-3.025000000000043656e+03
-2.554450000000011187e+03
-3.485500000000043656e+03
-4.649850000000031287e+03
-3.843900000000012369e+03
-3.518350000000048112e+03
-3.827700000000032560e+03
-3.388900000000000546e+03
-4.137800000000004729e+03
-2.615000000000010459e+03
-3.707050000000015643e+03
-3.427400000000031923e+03
-3.299400000000042382e+03
-3.478350000000054024e+03
-3.608700000000039381e+03
-2.959299999999996544e+03
-3.375199999999994361e+03
-3.708950000000032560e+03
-3.771150000000014643e+03
-4.155750000000008185e+03
-3.020250000000022737e+03
-4.296900000000015098e+03
-2.934450000000033015e+03
-3.414750000000020918e+03
-4.632450000000016189e+03
-2.896650000000006912e+03
-2.522549999999999272e+03
-3.066500000000018190e+03
-3.255549999999995634e+03
-4.660900000000073305e+03
-4.621200000000054388e+03
-3.293250000000025921e+03
-2.586049999999997453e+03
-3.277399999999999181e+03
-4.599300000000019281e+03
-2.682650000000018736e+03
-2.735250000000028194e+03
-3.756050000000041109e+03
-4.752700000000020736e+03
-1.752599999999979673e+03
-4.094500000000039563e+03
-4.869650000000047839e+03
-3.333700000000000728e+03
-2.908350000000016735e+03
-4.353650000000005093e+03
-3.848550000000005639e+03
-2.214449999999977535e+03
-4.275600000000028558e+03
-2.746750000000018190e+03
-3.147450000000019827e+03
-4.571450000000029831e+03
-2.982499999999986358e+03
-3.356849999999994907e+03
-2.665800000000006548e+03
-2.505299999999997908e+03
-1.787399999999990996e+03
-4.643750000000007276e+03
-2.363700000000006639e+03
-2.942200000000018463e+03
-2.436099999999988995e+03
-3.961800000000004275e+03
-3.115100000000023101e+03
-4.093900000000006912e+03
-4.691850000000042201e+03
-4.805800000000018372e+03
-3.532049999999998818e+03
-3.987700000000032560e+03
-4.848600000000050386e+03
-4.587700000000008913e+03
-2.813150000000000546e+03
-4.214500000000005457e+03
-3.226899999999992815e+03
-2.714549999999989268e+03
-4.834700000000018917e+03
-4.129150000000050568e+03
-3.677000000000045475e+03
-2.501500000000005912e+03
-2.653699999999997090e+03
-4.122850000000034925e+03
-3.246200000000002092e+03
-2.488600000000000819e+03
-3.141300000000020646e+03
-3.599100000000002638e+03
-2.143199999999981173e+03
-2.877600000000020373e+03
-3.316650000000025557e+03
-4.280750000000016371e+03
-4.260800000000023829e+03
-3.455350000000014006e+03
