-6.389999999999978542e+01
-1.526499999999999488e+02
-2.310500000000006935e+02
-1.257500000000002842e+02
-2.503500000000005912e+02
-6.614999999999983515e+01
-7.484999999999993747e+01
-4.849999999999958789e+00
-1.752499999999999432e+02
-1.307499999999996589e+02
-2.374500000000004150e+02
-9.674999999999977263e+01
-5.544999999999969020e+01
-5.719999999999997442e+01
-4.714999999999989200e+01
-4.764999999999982094e+01
-3.899999999999995737e+01
-1.334999999999996874e+02
-1.161000000000001364e+02
-1.880000000000002913e+01
-7.169999999999977547e+01
-6.199999999999995737e+00
-7.989999999999980673e+01
-6.219999999999990337e+01
-1.609999999999995879e+01
-1.595499999999998124e+02
4.589999999999999858e+01
-1.136999999999994202e+02
-7.234999999999985221e+01
-1.633999999999998352e+02
2.434999999999998721e+01
-6.839999999999984936e+01
-1.612000000000001592e+02
-4.174999999999987210e+01
-7.064999999999984936e+01
-6.480000000000005400e+01
-8.499999999999975131e+00
-2.266999999999996760e+02
-6.564999999999972147e+01
-1.233499999999998238e+02
-2.774999999999987921e+01
-9.074999999999975842e+01
-1.640999999999998238e+02
-2.000000000000170530e-01
-9.034999999999936904e+01
-4.214999999999994174e+01
-3.574999999999980815e+01
-1.562499999999998579e+02
-3.669999999999997442e+01
-8.694999999999987494e+01
-1.614999999999998295e+02
-6.320000000000003837e+01
-3.444999999999996021e+01
-1.041500000000001478e+02
-1.310000000000000142e+01
7.950000000000008171e+00
-7.200000000000024158e+00
-3.149999999999955946e+00
-6.524999999999988631e+01
-3.040000000000003411e+01
6.350000000000118661e+00
1.409999999999996589e+01
-4.904999999999998295e+01
-2.435000000000001918e+01
-1.199999999999988631e+00
-1.394000000000004889e+02
-1.555500000000001251e+02
-1.067999999999998977e+02
-4.809999999999992326e+01
-2.409999999999997300e+01
-3.319999999999993889e+01
-1.199999999999998579e+01
1.845000000000000284e+01
-7.290000000000000568e+01
-1.191000000000001080e+02
-7.379999999999985505e+01
-4.319999999999996021e+01
-4.015000000000004121e+01
-1.465000000000003766e+01
-3.344999999999993889e+01
-4.295000000000002416e+01
1.310000000000003340e+01
-1.492500000000010800e+02
-9.924999999999987210e+01
-1.656499999999998636e+02
-1.009999999999995879e+01
-1.484999999999993747e+01
-1.370499999999998408e+02
-2.599999999999980105e+00
-4.794999999999997442e+01
5.000000000002557954e-02
-2.369999999999996732e+01
-5.829999999999988347e+01
-1.994999999999998153e+01
-4.839999999999997726e+01
-4.864999999999990621e+01
-1.054999999999998295e+01
-4.050000000000011369e+00
-4.999999999999829470e+00
-4.909999999999978115e+01
-1.754999999999995453e+01
-1.084000000000003467e+02
-8.214999999999986358e+01
1.715000000000001990e+01
-5.189999999999993463e+01
-1.048499999999998380e+02
-3.970000000000000284e+01
-1.131999999999997755e+02
-1.244499999999997613e+02
-2.144000000000007446e+02
-1.904500000000001307e+02
-1.756499999999999773e+02
-9.294999999999981810e+01
-9.474999999999948841e+01
-1.266499999999996646e+02
-1.512000000000006708e+02
-1.141999999999997186e+02
-1.459999999999997300e+01
-1.131499999999996646e+02
-1.712499999999998863e+02
-9.994999999999991758e+01
-4.194999999999986073e+01
4.944999999999998863e+01
4.074999999999995026e+01
-1.263499999999998096e+02
-3.280000000000001137e+01
-2.454500000000011255e+02
-5.524999999999985789e+01
-5.525000000000000000e+01
-3.189999999999998437e+01
-3.579999999999983373e+01
8.550000000000006040e+00
1.134999999999999787e+01
-1.230999999999996959e+02
-2.082000000000008413e+02
-1.048000000000001251e+02
-2.463500000000000512e+02
-1.367999999999998977e+02
2.120000000000000284e+01
-4.414999999999997726e+01
2.360000000000001918e+01
-7.299999999999995737e+01
-4.514999999999997016e+01
-4.099999999999944578e+00
-1.126499999999998778e+02
-3.824999999999982947e+01
-6.899999999999991473e+00
3.760000000000000142e+01
-1.975000000000000284e+02
-4.649999999999958789e+01
-5.409999999999988063e+01
-3.859999999999995879e+01
-8.724999999999998579e+01
-3.085000000000000142e+01
2.305000000000000426e+01
-1.316999999999995055e+02
-3.343950000000037562e+03
-1.099499999999999034e+02
-7.144999999999988916e+01
-1.629399999999980082e+03
-1.359999999999999432e+01
-1.387999999999996987e+02
-6.899999999999991473e+00
-7.415000000000000568e+01
5.494999999999996021e+01
-9.954999999999967031e+01
4.944999999999998863e+01
-1.291999999999996476e+02
-9.019999999999997442e+01
-1.583500000000015859e+02
1.124999999999997868e+01
-3.604999999999998295e+01
-1.723500000000000227e+02
-1.141499999999998778e+02
2.999999999999985789e+00
-1.619499999999998749e+02
-8.769999999999990337e+01
-5.649999999999981526e+01
-1.384999999999998010e+01
-7.969999999999929230e+01
-1.280000000000006821e+02
-8.814999999999992042e+01
-8.684999999999973852e+01
-1.263999999999998067e+02
-1.584999999999985221e+01
-3.549999999999997158e+00
1.095000000000001705e+01
-5.044999999999993179e+01
9.700000000000002842e+00
6.860000000000002274e+01
-3.500000000000007105e+00
-3.059999999999996589e+01
-1.663500000000001364e+02
-2.310000000000000142e+01
-1.183999999999999488e+02
2.025000000000000000e+01
-5.764999999999996305e+01
-1.521499999999998352e+02
-1.418000000000000398e+02
8.999999999999808153e-01
-9.319999999999990337e+01
-2.774999999999995026e+01
-1.408999999999998067e+02
-8.389999999999986358e+01
-6.000000000000028422e+00
-1.224500000000002444e+02
-1.559999999999999432e+01
6.500000000000270006e-01
-2.250000000000000000e+01
-6.469999999999943441e+01
-3.180000000000002558e+01
-4.804999999999994031e+01
-8.059999999999996589e+01
-1.237499999999997442e+02
-7.999999999999687361e-01
-1.414999999999997726e+01
-2.519999999999996732e+01
-9.474999999999893419e+01
-5.984999999999996589e+01
-1.346499999999998067e+02
-1.198499999999994969e+02
-1.064999999999992042e+01
-1.542999999999995282e+02
-2.423000000000002387e+02
-5.399999999999970157e+00
7.805000000000001137e+01
-1.004999999999995879e+02
-1.043499999999999233e+02
-9.449999999999936051e+01
-4.580000000000001137e+01
-4.209999999999998010e+01
-4.389999999999996305e+01
-1.809999999999992326e+01
-1.606499999999994373e+02
-5.654999999999996874e+01
-9.999999999999985789e+00
-7.569999999999967599e+01
-2.419999999999994600e+01
-4.734999999999955378e+01
-1.689999999999996305e+01
-6.989999999999982094e+01
-2.894999999999995310e+01
-1.074999999999998010e+02
-6.729999999999967031e+01
-4.129500000000005571e+02
-1.634999999999972431e+01
-9.199999999999951683e+01
-5.500000000000184741e-01
-4.784999999999992326e+01
5.319999999999999574e+01
-3.954999999999997584e+01
9.750000000000003553e+00
-4.355000000000002558e+01
-1.414500000000000739e+02
1.000000000000227374e-01
-1.026999999999997755e+02
-6.530000000000011084e+01
-1.898500000000003638e+02
-4.910000000000003695e+01
-3.329999999999999716e+01
3.200000000000002842e+00
-8.564999999999987779e+01
-1.468500000000002785e+02
-1.156999999999999318e+02
-1.274999999999997158e+01
-4.939999999999993463e+01
-7.700000000000002842e+00
-1.005999999999998522e+02
-2.355000000000001137e+01
-1.687000000000005855e+02
-9.404999999999995453e+01
-9.749999999999992895e+00
-5.449999999999988631e+00
-3.267500000000009095e+02
-1.626000000000000512e+02
-1.214999999999999147e+01
-7.814999999999994884e+01
-7.850000000000001421e+00
-3.939999999999995595e+01
-1.124999999999987921e+01
-1.959499999999999318e+02
-3.765000000000001990e+01
-9.694999999999988916e+01
-6.494999999999998863e+01
-6.799999999999957367e+01
-6.279999999999975557e+01
-6.364999999999992042e+01
-5.159999999999986642e+01
-9.654999999999995453e+01
-6.029999999999954241e+01
-1.320000000000005258e+01
-2.307000000000000739e+02
-1.434000000000003752e+02
-7.994999999999953388e+01
-1.598499999999999375e+02
-2.889999999999999858e+01
-1.092999999999998977e+02
-9.754999999999979821e+01
-6.784999999999973852e+01
-3.955000000000005400e+01
-1.332500000000007105e+02
-1.554999999999992610e+01
-6.209999999999986642e+01
-1.014499999999997186e+02
-4.054999999999999716e+01
-1.504999999999998295e+01
-1.365499999999997556e+02
1.314999999999999147e+01
-2.800000000000001421e+01
-3.425000000000003553e+01
-2.889999999999995595e+01
-1.765500000000000114e+02
-1.966000000000002785e+02
1.419999999999999218e+01
5.139999999999999858e+01
-1.114999999999997016e+01
-1.339999999999999147e+02
-5.434999999999999432e+01
-5.499999999999998579e+01
-7.039999999999984936e+01
-4.925000000000001421e+01
-1.027999999999998693e+02
-8.969999999999997442e+01
-4.899999999999984368e+00
-3.809999999999983089e+01
-1.111499999999999204e+02
-5.775000000000001421e+01
-1.468000000000006651e+02
-1.050999999999997669e+02
-1.594499999999996191e+02
-1.361999999999996476e+02
-3.014999999999994174e+01
-1.582999999999995850e+02
6.649999999999993250e+00
-2.619999999999998153e+01
-2.204999999999994742e+01
-1.375000000000000355e+01
-3.650000000000005684e+00
-7.740000000000000568e+01
-2.594999999999997442e+01
-4.584999999999990905e+01
-3.154999999999988347e+01
1.519999999999999218e+01
-1.559999999999998010e+01
3.790000000000001279e+01
2.504999999999992966e+01
-1.499999999999991473e+01
-2.824999999999999289e+01
-2.709999999999993747e+01
-3.780000000000001847e+01
-5.015000000000000568e+01
-2.448500000000017565e+02
-9.614999999999983515e+01
-1.544999999999978968e+01
-3.674999999999996447e+01
-9.964999999999962199e+01
2.575000000000003908e+01
-3.428000000000003524e+02
1.625000000000000711e+01
-8.750000000000021316e+00
-6.874999999999990052e+01
2.929999999999997584e+01
2.754999999999999716e+01
-5.744999999999994600e+01
-5.064999999999943725e+01
-4.264999999999994884e+01
-7.039999999999977831e+01
-1.199500000000003297e+02
3.024999999999997868e+01
-4.779999999999982663e+01
-1.670000000000001350e+01
-3.434999999999996589e+01
-6.574999999999998579e+01
-1.804999999999996874e+01
-1.433999999999996362e+02
-1.250000000000007105e+00
-9.470000000000031548e+01
-1.409499999999995055e+02
-1.607000000000008981e+02
8.650000000000005684e+00
1.000000000000007105e+00
-4.559999999999983800e+01
-2.170000000000003837e+01
-2.250000000000021316e+00
-1.314999999999998437e+01
-1.795499999999998977e+02
-7.014999999999994884e+01
-3.349999999999995737e+01
-8.899999999999913314e+00
7.299999999999968736e+00
-5.144999999999946283e+01
-3.295000000000000995e+01
-5.494999999999990337e+01
-1.434999999999981668e+01
9.049999999999968736e+00
-4.199999999999990052e+01
-2.334500000000003013e+02
-1.819999999999993179e+01
-5.934999999999992326e+01
-4.169999999999982521e+01
1.569999999999999041e+01
-1.914999999999999147e+01
-8.049999999999997158e+00
-1.703999999999998352e+02
-4.000000000000554223e-01
-1.520000000000002061e+01
-1.038999999999996930e+02
-6.534999999999996589e+01
-2.318000000000000966e+02
-5.619999999999983231e+01
-6.424999999999995737e+01
-1.644999999999997442e+01
-2.810000000000001563e+01
-1.542499999999999147e+02
-7.609999999999980957e+01
-1.531500000000004320e+02
-4.744999999999999574e+01
-2.844999999999991047e+01
-3.494999999999996021e+01
-1.640999999999999943e+02
-1.199999999999997442e+02
-8.424999999999974420e+01
-1.758000000000005514e+02
-5.895000000000001705e+01
-2.394999999999999218e+01
-1.264999999999995168e+02
-1.208999999999998352e+02
6.399999999999993250e+00
2.054999999999998295e+01
-1.849999999999985789e+01
-8.609999999999958220e+01
-2.340000000000001634e+01
-1.136999999999998892e+02
-6.435000000000002274e+01
-5.884999999999971010e+01
-2.357000000000001307e+02
-2.191500000000005173e+02
-1.101999999999997897e+02
-5.429999999999998295e+01
-1.123499999999999659e+02
-6.734999999999982379e+01
-1.034000000000000909e+02
-3.629999999999999005e+01
-4.594999999999989626e+01
-1.822500000000004832e+02
6.499999999999914735e-01
-2.989999999999995595e+01
-8.029999999999981242e+01
-1.056999999999997328e+02
-1.528000000000000114e+02
3.500000000000085265e-01
-3.554999999999995453e+01
-7.219999999999980389e+01
-1.367999999999995850e+02
-1.354999999999999716e+02
-1.812999999999995850e+02
-1.160999999999999943e+02
-6.149999999999985789e+01
-2.350000000000015632e+00
-1.096000000000001933e+02
-4.744999999999998863e+01
5.324999999999999289e+01
-1.358499999999997385e+02
-1.241999999999997470e+02
-1.664999999999992042e+01
-5.509999999999965326e+01
-5.885000000000001563e+01
-8.009999999999976694e+01
-3.694999999999998863e+01
-7.039999999999994884e+01
-4.995000000000000284e+01
1.494999999999995666e+01
-1.803000000000000398e+02
-2.309999999999996589e+01
-1.579499999999996476e+02
-4.974999999999987210e+01
-3.954999999999999716e+01
-2.335500000000003240e+02
-1.974000000000000057e+02
-1.669999999999998010e+02
-1.292499999999999716e+02
-2.129999999999999005e+01
-1.078999999999999773e+02
-5.550000000000014921e+00
-8.749999999999985789e+00
-1.048999999999998636e+02
-6.049999999999918998e+00
-6.815000000000000568e+01
-2.989999999999983515e+01
-5.199999999999960210e+01
7.649999999999963052e+00
-9.669999999999993179e+01
4.980000000000001137e+01
-1.268499999999998806e+02
-3.149999999999998579e+00
-1.038000000000001535e+02
-7.154999999999992610e+01
-2.514999999999995595e+01
-1.182999999999999261e+02
-1.795000000000003837e+01
-1.970000000000000000e+02
2.780000000000000071e+01
-1.144999999999998863e+01
-3.334999999999995879e+01
-1.893999999999998920e+02
-1.449999999999981526e+00
1.365000000000000568e+01
-1.143499999999999091e+02
-4.904999999999998295e+01
-8.345000000000001705e+01
-1.814999999999997726e+01
-6.504999999999940030e+01
-1.397999999999998408e+02
2.185000000000004050e+01
1.880000000000000071e+01
-4.634999999999998010e+01
-9.264999999999994884e+01
-1.823499999999999375e+02
-7.234999999999989484e+01
-1.777999999999999545e+02
-2.709999999999994458e+01
-2.117500000000000284e+02
-3.649999999999984368e+01
2.354999999999996518e+01
-6.054999999999964189e+01
-4.704999999999969873e+01
-3.180000000000002558e+01
-1.998500000000000227e+02
-2.899999999999998579e+01
-3.364999999999982805e+01
-2.409999999999998010e+01
-2.042000000000000455e+02
-8.704999999999964189e+01
-1.378999999999995225e+02
-1.744999999999996021e+02
-1.157499999999999005e+02
6.200000000000001421e+01
-6.979999999999998295e+01
-1.918499999999999659e+02
-3.414999999999998437e+01
-8.074999999999960210e+01
-5.319999999999988916e+01
-4.789999999999980673e+01
-1.112999999999996561e+02
-1.597500000000001421e+02
-7.750000000000000000e+01
-4.220000000000000284e+01
-6.749999999999971578e+00
-1.123499999999996675e+02
-2.245000000000002061e+01
9.099999999999981881e+00
3.549999999999997158e+00
-1.268999999999994515e+02
-5.400000000000034106e+00
-1.925000000000001421e+01
-9.964999999999987779e+01
-7.754999999999996874e+01
-1.071999999999996476e+02
-6.815000000000003411e+01
-4.504999999999995453e+01
-6.299999999999972999e+01
-5.384999999999998010e+01
1.930000000000000426e+01
-3.299999999999995026e+01
-1.504000000000002899e+02
-1.260000000000001563e+01
-7.045000000000004547e+01
-4.539999999999982094e+01
-7.759999999999999432e+01
-2.461500000000000909e+02
-5.014999999999994884e+01
-6.854999999999984084e+01
-1.131000000000002785e+02
-3.884999999999999432e+01
-1.422499999999996589e+02
5.120000000000000284e+01
-1.635000000000003979e+02
-7.414999999999973568e+01
-1.092499999999998579e+02
-1.896999999999999318e+02
-1.765000000000000924e+01
-1.133499999999995822e+02
-6.144999999999997442e+01
-1.993499999999998806e+02
-3.094999999999997442e+01
-1.299999999999990052e+00
-1.171499999999998920e+02
-2.949999999999999289e+01
-5.324999999999972999e+01
-8.040000000000000568e+01
-1.150000000000083844e+00
-4.494999999999997442e+01
-1.464999999999998437e+01
-5.584999999999998010e+01
-6.924999999999984368e+01
7.299999999999988276e+00
-5.024999999999980105e+01
-8.649999999999933209e+01
-4.689999999999987779e+01
-6.329999999999997584e+01
4.150000000000000355e+00
-1.168499999999996390e+02
-3.744999999999998863e+01
-1.303999999999995794e+02
-6.224999999999997158e+01
-1.956500000000012847e+02
-1.180000000000002203e+01
-2.165000000000000853e+02
-2.715000000000000568e+01
1.799999999999990052e+00
-9.249999999999990052e+01
-7.154999999999964189e+01
-2.233500000000001933e+02
-8.654999999999995453e+01
-6.424999999999982947e+01
-1.309999999999998721e+01
-1.006499999999998778e+02
-1.250000000000000000e+00
2.010000000000001208e+01
-5.844999999999974705e+01
-1.404000000000000909e+02
-1.171499999999998494e+02
1.099999999999998579e+01
-1.189999999999996305e+01
-1.421085471520200372e-14
-1.835499999999999545e+02
-1.255499999999998408e+02
-1.147499999999996874e+02
-9.549999999999995737e+01
-1.085499999999996277e+02
-3.799999999999975842e+00
-2.358500000000002217e+02
-8.400000000000005684e+01
-7.509999999999969589e+01
-5.744999999999990337e+01
-3.354999999999986215e+01
-7.514999999999993463e+01
3.559999999999998010e+01
-1.004000000000000057e+02
1.090000000000000036e+01
-6.919999999999980389e+01
-1.786500000000001762e+02
-1.262500000000000853e+02
-1.969999999999999574e+01
-1.195000000000003837e+01
-6.934999999999986642e+01
-3.434999999999998721e+01
-5.339999999999959357e+01
-4.519999999999996732e+01
-7.014999999999999147e+01
-1.307499999999997442e+02
-5.254999999999967031e+01
-1.199499999999997044e+02
-3.844999999999991047e+01
-8.914999999999999147e+01
-1.303999999999996362e+02
-5.799999999999998579e+01
-1.661499999999996078e+02
-1.026000000000000085e+02
-3.050000000000011369e+00
-1.769000000000001762e+02
-8.769999999999996021e+01
-4.439999999999996305e+01
1.499999999999772626e-01
1.650000000000041211e+00
3.399999999999998579e+00
1.474999999999997513e+01
-1.206499999999995794e+02
-4.049999999999911182e+01
-1.699999999999992184e+00
-1.150000000000001421e+01
-5.499999999999985789e+00
-1.838000000000000398e+02
-7.309999999999968168e+01
-1.758500000000004491e+02
4.235000000000004405e+01
-5.294999999999996021e+01
5.239999999999997726e+01
-2.461000000000003922e+02
2.075000000000001776e+01
-1.453000000000002387e+02
-7.439999999999996305e+01
-7.334999999999958220e+01
-4.889999999999999147e+01
-1.815000000000001990e+01
-3.408000000000009777e+02
-2.372500000000001990e+02
3.274999999999997158e+01
-8.149999999999981526e+01
-1.019999999999997726e+02
-1.574999999999999289e+01
-1.392499999999997442e+02
-9.275000000000002842e+01
-1.541499999999998636e+02
-6.764999999999990621e+01
-1.884999999999995879e+01
-8.470000000000007390e+01
-8.500000000000007105e+00
-4.850000000000029843e+00
-1.195499999999997272e+02
-4.884999999999996589e+01
-9.750000000000010658e+00
-1.196000000000000227e+02
-4.984999999999988063e+01
-3.084999999999998721e+01
-2.984999999999996589e+01
-1.767500000000000853e+02
1.449999999999996803e+01
-1.430000000000001492e+01
-6.614999999999983515e+01
-1.844000000000000341e+02
-4.260000000000000853e+01
-2.168000000000001251e+02
-3.844999999999994600e+01
-7.225000000000002842e+01
-1.584999999999999432e+02
-4.284999999999996589e+01
-1.017999999999996703e+02
-5.544999999999998863e+01
-5.495000000000000284e+01
-7.609999999999992326e+01
-1.082499999999998863e+02
-6.824999999999985789e+01
-2.414999999999992042e+01
-2.849999999999998934e+01
-6.849999999999971578e+01
-1.640499999999994145e+02
3.619999999999998153e+01
-1.711500000000001478e+02
-3.354999999999998295e+01
-1.274999999999995168e+02
-1.085499999999999261e+02
-1.535999999999998522e+02
-1.111499999999998352e+02
-1.229999999999999005e+01
3.449999999999995737e+00
-7.984999999999963904e+01
-6.214999999999979252e+01
-3.359999999999995879e+01
-1.712499999999998010e+02
-8.479999999999981242e+01
-2.813000000000002956e+02
-5.989999999999996305e+01
-1.066499999999997641e+02
-6.519999999999991758e+01
-4.829999999999971294e+01
-1.295000000000001705e+01
-9.834999999999949694e+01
-5.075000000000001421e+01
-1.068499999999999659e+02
-1.533499999999996248e+02
-1.754999999999998295e+01
-1.395000000000000568e+02
-1.674999999999988631e+01
-5.814999999999999147e+01
-6.664999999999994884e+01
-9.255000000000003979e+01
-1.926000000000002217e+02
-6.999999999999992895e+01
-5.394999999999997442e+01
-1.351500000000001194e+02
-9.499999999999914735e+00
-5.874999999999988631e+01
-1.094999999999992468e+02
-2.139999999999996305e+01
-1.370000000000000000e+02
-6.229999999999972715e+01
-8.550000000000004263e+00
-1.316500000000005741e+02
-7.249999999999980105e+01
-1.385000000000000853e+02
-1.594999999999968310e+01
-6.284999999999993747e+01
-1.086499999999998920e+02
-8.954999999999989768e+01
-1.530499999999997272e+02
-8.419999999999998863e+01
-5.849999999999995737e+01
-1.638499999999998522e+02
-1.202999999999999119e+02
-3.050000000000001066e+01
-1.751999999999999602e+02
-9.000000000000127898e-01
-1.961999999999999602e+02
-2.309999999999999432e+01
3.355000000000000426e+01
-5.769999999999988916e+01
-7.884999999999993747e+01
-4.884999999999990905e+01
-9.209999999999955378e+01
-7.659999999999979536e+01
-5.644999999999959073e+01
-2.989500000000005571e+02
-5.539999999999986358e+01
-9.699999999999991473e+01
-6.914999999999970726e+01
-1.661500000000000625e+02
-5.255000000000003979e+01
9.499999999999886313e-01
-5.899999999999998579e+01
-2.750000000000007105e+00
-1.102500000000000000e+02
-9.980000000000001137e+01
-4.700000000000006395e+00
-1.710499999999996419e+02
-1.091999999999996476e+02
-1.464999999999997726e+01
-1.081999999999999034e+02
-8.334999999999996589e+01
-7.184999999999993747e+01
-4.114999999999983515e+01
-3.764999999999990621e+01
-1.058999999999997073e+02
-4.199999999999998579e+01
-9.409999999999976694e+01
-1.166000000000000796e+02
-1.014999999999998721e+02
-5.184999999999998010e+01
-1.244499999999999602e+02
-4.049999999999982947e+00
-3.584999999999999432e+01
-1.058999999999998778e+02
-5.219999999999994600e+01
-1.195000000000001421e+02
-3.779999999999999716e+01
-9.859999999999952536e+01
1.340000000000002700e+01
-4.639999999999972147e+01
-4.554999999999999716e+01
-6.359999999999998721e+01
-5.309999999999999432e+01
1.545000000000000639e+01
-4.775000000000000000e+01
-6.964999999999969305e+01
8.300000000000000711e+00
-8.949999999999967315e+01
-3.904999999999987637e+01
-1.058499999999997243e+02
-4.339999999999988489e+01
-9.529999999999988347e+01
-9.159999999999971010e+01
-4.399999999999977263e+00
1.660000000000001563e+01
2.000000000000028422e-01
-4.499999999999992895e+01
-8.709999999999990905e+01
-1.113999999999999773e+02
-3.384999999999996589e+01
-6.234999999999998721e+01
1.320000000000000639e+01
5.350000000000022737e+00
-1.824499999999998749e+02
-4.339999999999984226e+01
-1.384499999999997897e+02
4.895000000000000995e+01
-7.305000000000012506e+01
-4.189999999999994174e+01
-1.823500000000000512e+02
-6.025000000000001421e+01
-6.189999999999987779e+01
-2.574500000000010687e+02
-1.093999999999998636e+02
2.760000000000005826e+01
1.550000000000018474e+00
-7.155000000000001137e+01
-2.637000000000000455e+02
-1.033999999999997641e+02
-6.250000000000000000e+00
-7.084999999999996589e+01
-7.339999999999989200e+01
-1.390499999999996987e+02
-1.757000000000000739e+02
-9.854999999999982663e+01
-4.799500000000008413e+02
-4.974999999999997158e+01
-6.024999999999978684e+01
-9.974999999999972999e+01
-2.339999999999977121e+01
-1.110499999999997272e+02
-4.064999999999992042e+01
-5.549999999999975842e+00
-3.399999999999984368e+00
-6.090000000000001990e+01
-2.315500000000001251e+02
-3.399999999999997868e+01
-3.999999999999978684e+00
-6.664999999999950830e+01
-1.226000000000005059e+02
-1.179999999999997584e+01
6.850000000000157740e+00
-1.670700000000004366e+03
-1.065499999999997840e+02
-3.079999999999988347e+01
-1.113999999999999773e+02
-3.494999999999990337e+01
-6.675000000000004263e+01
-9.369999999999986073e+01
-3.299999999999990763e+01
-3.145000000000001705e+01
2.150000000000002132e+00
-1.693500000000004775e+02
-1.509499999999998749e+02
-3.980000000000000426e+01
-3.150000000000012790e+00
-4.274999999999991473e+01
-2.321000000000001364e+02
-5.104999999999985505e+01
-5.055000000000002558e+01
-1.075999999999998806e+02
-5.404999999999998295e+01
-6.789999999999993463e+01
-1.066999999999996902e+02
6.459999999999999432e+01
-3.344999999999995310e+01
-8.849999999999997158e+01
-9.424999999999977263e+01
-4.739999999999987779e+01
-7.784999999999998010e+01
-1.427499999999998579e+02
-9.599999999999972999e+00
-8.600000000000001421e+00
-1.394999999999999432e+02
-8.049999999999988631e+01
-1.251999999999999460e+02
1.324999999999999822e+01
-7.409999999999996589e+01
-5.579999999999978400e+01
-4.114999999999987068e+01
-5.219999999999983231e+01
5.599999999999994316e+00
1.209999999999996945e+01
-2.190000000000001137e+02
7.299999999999979394e+00
-7.474999999999975842e+01
-1.656999999999997897e+02
-3.254999999999994031e+01
-4.274999999999993605e+01
-1.478499999999997101e+02
-3.760000000000000853e+01
-2.083000000000000966e+02
-6.225000000000000000e+01
-1.339499999999996476e+02
-1.333499999999999091e+02
-1.003999999999990678e+02
-5.195000000000001705e+01
-2.879999999999998650e+01
-1.599999999999994316e+00
-8.619999999999977547e+01
-6.499999999999994316e+01
-5.719999999999986073e+01
3.064999999999998792e+01
1.559999999999999076e+01
-7.639999999999979252e+01
-1.644499999999999886e+02
-7.694999999999967599e+01
-1.065999999999998096e+02
-6.260000000000000853e+01
-6.634999999999999432e+01
-4.889999999999997726e+01
-3.036500000000010573e+02
-8.324999999999985789e+01
-1.421500000000001478e+02
7.049999999999998579e+01
-1.200000000000006395e+00
-5.834999999999979536e+01
-3.779500000000008981e+02
-4.640000000000003411e+01
-1.504999999999996874e+02
-7.124999999999988631e+01
-5.385000000000000853e+01
-5.100000000000036948e+00
-1.558000000000001535e+02
-1.585000000000000497e+01
-9.539999999999996305e+01
-8.819999999999984652e+01
-1.784999999999998295e+02
-2.255500000000002387e+02
-8.540000000000001990e+01
-6.364999999999955094e+01
-9.274999999999991473e+01
-6.609999999999986642e+01
-9.934999999999993747e+01
-1.548499999999994827e+02
-4.734999999999990905e+01
-9.949999999999945999e+00
-1.289999999999998010e+02
4.350000000000022737e+00
-5.954999999999991900e+01
-1.220499999999999261e+02
-1.439999999999998437e+01
-6.399999999999955946e+00
-8.999999999999964473e+01
-2.205000000000002558e+01
-6.104999999999994031e+01
-1.411499999999995794e+02
1.400000000000019895e+00
1.185000000000005826e+01
-6.204999999999998295e+01
-1.791999999999999886e+02
-9.319999999999988916e+01
