-9.440000000000004832e+01
-1.021499999999997783e+02
-2.684999999999986642e+01
-2.949999999999995737e+01
-1.601499999999999773e+02
-1.513499999999997669e+02
-1.145999999999999091e+02
-1.075499999999993008e+02
2.944999999999997087e+01
-2.724999999999985789e+01
-6.104999999999979821e+01
-6.349999999999995737e+01
5.789999999999999858e+01
3.520000000000001705e+01
-1.380999999999997669e+02
-5.609999999999953957e+01
-1.826999999999999886e+02
7.250000000000055067e+00
3.859999999999999432e+01
-1.268999999999999631e+02
-4.284000000000023647e+02
-1.866500000000009152e+02
-7.439999999999966462e+01
2.080000000000000071e+01
-6.612500000000060254e+02
-1.256499999999999346e+02
-8.349999999999788258e+00
6.650000000000000000e+01
-6.950000000000002842e+00
-1.552000000000004150e+02
-2.004999999999999716e+01
-1.159499999999996049e+02
-6.296500000000053205e+02
-1.223999999999994515e+02
4.259999999999997300e+01
-5.203000000000032514e+02
5.614999999999998437e+01
-1.247999999999998550e+02
-2.669999999999981810e+01
-9.600000000000022737e+00
5.015000000000001990e+01
-2.116000000000007901e+02
-1.750000000000003553e+01
-9.189999999999994884e+01
-1.381499999999996930e+02
-1.629999999999999005e+01
3.299999999999997158e+00
-1.687000000000011539e+02
-9.009999999999996589e+01
-2.315000000000001279e+01
-5.834999999999966747e+01
-1.130499999999998977e+02
-1.200000000000002842e+00
3.250000000000000711e+01
-1.045000000000003482e+01
-1.195499999999997698e+02
-2.735000000000006892e+01
-1.760999999999996533e+02
1.345000000000000284e+01
-3.724999999999991473e+01
-6.565000000000001990e+01
-3.724999999999996447e+01
-4.569999999999997442e+01
-5.395000000000000284e+01
-5.299999999999986500e+00
3.960000000000003695e+01
4.134999999999993747e+01
3.779999999999995453e+01
-7.574999999999960210e+01
-4.674999999999988631e+01
1.019999999999998508e+01
-8.754999999999972715e+01
-1.126999999999997328e+02
-8.864999999999977831e+01
-1.019499999999996902e+02
9.700000000000043698e+00
-4.839999999999996305e+01
-1.664999999999992042e+01
-9.264999999999969305e+01
-6.734999999999958220e+01
-3.010000000000000853e+01
-1.275499999999994714e+02
-3.150000000000001776e+01
3.974999999999999289e+01
-2.599999999999980105e+01
3.030000000000001137e+01
-8.150000000000000000e+01
-1.166499999999998636e+02
1.589999999999998082e+01
-1.651000000000007049e+02
2.550000000000003553e+01
-5.004999999999986926e+01
4.689999999999997016e+01
-1.049999999999940314e+00
-4.245000000000001705e+01
-2.709999999999972431e+01
-1.611999999999996476e+02
4.419999999999998863e+01
-1.113000000000001535e+02
8.699999999999993960e+00
-2.404999999999995453e+01
-1.171999999999991928e+02
-1.025499999999995282e+02
-8.000000000000000000e+00
4.295000000000000995e+01
2.309999999999998010e+01
-7.104999999999976978e+01
-9.749999999999975842e+01
-1.924999999999995026e+01
6.050000000000000711e+01
5.860000000000000853e+01
1.730000000000004334e+01
-3.975000000000000000e+01
-1.305499999999996703e+02
-2.519999999999987494e+01
1.749999999999998224e+01
-4.250000000000007105e+00
-2.949999999999995026e+01
-2.677000000000007276e+02
-8.230000000000003979e+01
-5.699999999999963052e+01
2.464999999999999858e+01
-5.549999999999987210e+01
2.509999999999998010e+01
3.244999999999999574e+01
-2.083500000000005343e+02
5.175000000000000000e+01
-2.515499999999996135e+02
-7.679999999999998295e+01
3.155000000000001847e+01
-6.384999999999983800e+01
8.650000000000002132e+00
-2.298500000000011596e+02
-7.424999999999964473e+01
7.005000000000001137e+01
-1.022500000000000284e+02
2.404999999999998295e+01
-1.122499999999999147e+02
3.784999999999998721e+01
-2.619999999999997442e+01
5.099999999999981881e+00
3.400000000000027001e+00
-2.054000000000019952e+02
-3.834999999999995168e+01
-1.526499999999996930e+02
-1.634999999999996589e+01
-4.019999999999998863e+01
-3.294999999999995310e+01
-8.154999999999941451e+01
-2.569999999999983231e+01
-7.414999999999952252e+01
1.080000000000001492e+01
4.599999999999997868e+01
-6.569999999999997442e+01
2.575000000000003553e+01
-4.175000000000001421e+01
-5.504999999999984084e+01
1.170000000000001528e+01
1.825000000000009948e+01
-2.234000000000000909e+02
-2.160499999999999261e+02
-5.789999999999976410e+01
-1.190500000000000966e+02
-1.206499999999997499e+02
1.050000000000018474e+00
3.005000000000005045e+01
-1.013999999999999488e+02
-2.375000000000002842e+01
1.830000000000000426e+01
-3.082000000000008413e+02
-7.194999999999986073e+01
-2.644500000000016939e+02
2.134999999999996945e+01
-1.449499999999998181e+02
-5.689999999999987779e+01
-1.156499999999998636e+02
-2.865000000000001990e+01
-1.454499999999994770e+02
7.049999999999995381e+00
-2.724999999999952394e+01
1.700000000000144951e+00
1.535000000000000497e+01
4.719999999999997442e+01
2.499999999999998934e+01
2.980000000000001137e+01
4.164999999999995595e+01
-7.709999999999956799e+01
4.649999999999986144e+00
-1.059999999999996874e+02
-3.900000000000004974e+01
3.144999999999998508e+01
-1.254000000000000057e+02
-7.915000000000000568e+01
-1.670000000000002771e+01
-3.028500000000016712e+02
-5.354999999999989768e+01
-2.934999999999995879e+01
2.319999999999999574e+01
-4.169999999999999574e+01
-1.061999999999990791e+02
6.700000000000001421e+01
1.199999999999999645e+01
-1.999500000000003297e+02
-2.749999999999998579e+01
2.205000000000001137e+01
-6.854999999999995453e+01
-8.654999999999986926e+01
-6.469999999999996021e+01
-6.794999999999971863e+01
5.139999999999999858e+01
-6.704999999999951399e+01
-1.408499999999999375e+02
-2.527000000000014666e+02
-1.649999999999913314e+00
-7.394999999999990337e+01
-1.084999999999986642e+01
-8.500000000000369482e-01
-5.169999999999997442e+01
-3.514999999999993463e+01
-1.555000000000001137e+01
-7.344999999999998863e+01
-3.164999999999997016e+01
2.449999999999998934e+01
-7.269999999999980389e+01
-4.864999999999996305e+01
-6.374999999999968736e+01
-6.284999999999995168e+01
-4.910000000000000142e+01
-1.184999999999997158e+02
-5.014999999999996305e+01
8.600000000000015632e+00
1.150000000000003908e+01
1.494999999999999041e+01
-7.165000000000000568e+01
8.500000000000017764e+00
2.714999999999996305e+01
-9.694999999999993179e+01
6.804999999999999716e+01
4.074999999999999289e+01
-7.629999999999984084e+01
-4.849999999999987210e+00
4.049999999999952749e+00
-1.334999999999988063e+01
8.999999999999968026e+00
2.149999999999998579e+01
-5.094999999999974705e+01
-1.366499999999989541e+02
-1.954000000000008015e+02
-5.705000000000000426e+01
-7.214999999999992042e+01
-1.465000000000005187e+01
-5.799999999999968736e+00
3.784999999999998721e+01
4.285000000000001563e+01
-2.435500000000001819e+02
3.764999999999999858e+01
-4.700000000000020606e+00
-9.149999999999948841e+00
-2.255000000000001137e+01
-9.639999999999974989e+01
-4.274999999999995737e+01
7.070000000000003126e+01
1.324999999999993072e+01
-4.700000000000002842e+00
7.690000000000000568e+01
-2.524999999999997158e+01
-9.149999999999981526e+01
-2.900000000000000355e+01
-4.040000000000000000e+02
-1.015000000000001279e+01
-1.020499999999996135e+02
-1.869999999999997442e+01
-8.804999999999995453e+01
-7.599999999999967315e+01
-1.495999999999996817e+02
-1.095499999999997840e+02
-3.354999999999971294e+01
-4.789999999999997726e+01
-1.543000000000000682e+02
-2.987000000000001592e+02
1.110000000000001918e+01
-1.276499999999993946e+02
1.765000000000006608e+01
-9.014999999999993463e+01
-8.879999999999999716e+01
1.325000000000000711e+01
4.975000000000002132e+01
2.350000000000072475e+00
2.145000000000000995e+01
-9.239999999999966462e+01
-1.536999999999996760e+02
-7.634999999999915588e+01
-2.229499999999996760e+02
-1.040499999999998266e+02
-4.450000000000002842e+00
-6.359999999999951115e+01
-1.404999999999999432e+02
2.965000000000004121e+01
-5.649999999999984368e+00
-1.555499999999999545e+02
-9.809999999999982379e+01
-4.942000000000056730e+02
-9.904999999999967031e+01
-1.372499999999997442e+02
-2.021999999999995623e+02
-5.024999999999980105e+01
-6.644999999999973284e+01
6.700000000000025935e+00
-1.132500000000003979e+02
-4.205500000000050136e+02
-8.340000000000000568e+01
1.500000000000000355e+01
2.519999999999999218e+01
-1.584000000000007446e+02
-8.204999999999991189e+01
-4.150000000000000000e+01
7.354999999999998295e+01
-4.999999999996873612e-02
2.919999999999999929e+01
-9.674999999999891998e+01
1.819999999999999574e+01
-4.283500000000032060e+02
-9.355000000000013927e+01
7.700000000000022382e+00
-1.518999999999997215e+02
-6.570500000000027967e+02
-4.114999999999985647e+01
-2.186499999999998920e+02
-9.164999999999963620e+01
-3.344999999999999574e+01
-1.578500000000005343e+02
-4.919999999999997442e+01
-5.950000000000017053e+00
-6.874999999999978684e+01
4.354999999999999005e+01
-1.505999999999994543e+02
-1.257499999999996021e+02
-8.449999999999953104e+00
-6.139999999999965041e+01
3.725000000000000711e+01
2.235000000000009734e+01
3.945000000000000284e+01
-4.900000000000034106e+00
-7.624999999999997158e+01
1.705000000000021387e+01
-3.919999999999976836e+01
-5.300000000000039790e+00
-5.199999999999981526e+01
-8.039999999999996305e+01
-1.184999999999994458e+01
-5.609999999999997300e+01
-3.895500000000038199e+02
-2.356500000000010004e+02
-8.979999999999922977e+01
-9.699999999999924682e+00
-2.389999999999996589e+02
-2.664999999999974278e+01
-1.082499999999998579e+02
-6.844999999999974705e+01
-2.650000000000001421e+01
-2.575000000000003553e+01
4.570000000000002416e+01
-1.880000000000001421e+02
-5.449999999999977263e+01
2.649999999999997513e+01
2.749999999999971578e+00
8.650000000000002132e+00
-5.235000000000007958e+01
-3.964999999999987779e+01
3.314999999999993463e+01
-2.880000000000004334e+01
-1.020000000000001705e+01
-4.420000000000000284e+01
-5.499999999999971578e-01
4.744999999999996732e+01
-1.955000000000007105e+02
-1.345000000000003482e+01
-5.624999999999995026e+01
2.029999999999998650e+01
-7.069999999999996021e+01
2.589999999999997726e+01
-2.544999999999996732e+01
2.700000000000024158e+00
2.000000000000003553e+01
-5.004999999999975557e+01
4.689999999999996305e+01
-2.428000000000000114e+02
4.359999999999997300e+01
-1.199999999999998721e+02
-9.299999999999994316e+01
4.250000000000035527e+00
-3.589999999999992042e+01
-8.674999999999974420e+01
-9.899999999999984368e+00
-3.784999999999998010e+01
-1.108500000000002785e+02
-1.062499999999999858e+02
4.614999999999999147e+01
-1.859999999999996589e+01
-9.259999999999975273e+01
-3.514999999999997726e+01
-8.489999999999992042e+01
-7.424999999999991473e+01
-1.176499999999996930e+02
4.149999999999999289e+01
-7.274999999999954525e+01
2.664999999999999147e+01
-1.017499999999991900e+02
-5.629999999999957083e+01
3.849999999999998579e+01
1.424999999999994316e+01
-2.034999999999999787e+01
4.214999999999997016e+01
5.750000000000003553e+00
-1.246499999999997641e+02
-2.123499999999997385e+02
-7.395000000000000284e+01
-4.814999999999999858e+01
2.379999999999995097e+01
-2.169500000000000171e+02
2.944999999999996732e+01
3.054999999999999361e+01
2.299999999999999289e+01
-1.464999999999994884e+02
-3.469999999999981810e+01
1.054999999999998117e+01
-2.939999999999999147e+01
-1.017500000000002700e+02
-2.900000000000005684e+00
1.399999999999999822e+01
7.949999999999995737e+00
-7.894999999999997442e+01
-6.499999999999964473e+01
-2.849999999999977263e+01
-1.334500000000002444e+02
-1.206499999999998920e+02
4.579999999999996874e+01
-1.850000000000002487e+01
-1.103999999999997215e+02
-1.390000000000000924e+01
3.439999999999999147e+01
-1.369499999999998749e+02
2.500000000000135003e+00
-4.744999999999993179e+01
-9.960000000000042064e+01
1.000000000000582645e-01
-2.844999999999999929e+01
5.569999999999999574e+01
-7.375000000000002842e+01
-1.164999999999994884e+01
-6.379999999999985505e+01
5.294999999999997442e+01
-8.579999999999954241e+01
4.830000000000000426e+01
-1.315500000000005798e+02
-7.519999999999983231e+01
5.804999999999999716e+01
1.554999999999999183e+01
-8.349999999999965894e+00
3.729999999999999005e+01
-7.979999999999952820e+01
7.500000000000000000e+01
-5.249999999999967315e+01
-1.481999999999999602e+02
-9.909999999999926956e+01
7.064999999999999147e+01
-6.359999999999999432e+01
1.669999999999997087e+01
-1.991999999999999602e+02
-1.670000000000017337e+02
-4.929999999999988347e+01
-1.699999999999998579e+01
-7.390000000000000568e+01
-2.394999999999963336e+01
-6.854999999999975557e+01
-1.304999999999997584e+01
-5.399999999999974420e+01
-1.179999999999994742e+01
-3.509999999999999432e+01
-1.925499999999998693e+02
4.950000000000001421e+01
3.214999999999998437e+01
-1.339999999999994316e+02
-1.327999999999998408e+02
-2.472500000000000000e+02
-9.809999999999971010e+01
3.869999999999999574e+01
-6.870000000000001705e+01
-2.850000000000000000e+01
-1.769999999999996021e+01
2.795000000000000284e+01
-6.136500000000044110e+02
-3.144999999999988916e+01
2.704999999999998650e+01
-9.665000000000037517e+01
-2.379999999999999716e+01
-4.614999999999992042e+01
1.599999999999987210e+00
-1.377999999999997840e+02
-1.255000000000001847e+01
-9.129999999999961346e+01
-6.209999999999980957e+01
1.685000000000002274e+01
2.054999999999998295e+01
-1.474999999999991473e+01
5.919999999999999574e+01
-4.718500000000016144e+02
-7.450000000000017053e+00
1.804999999999999716e+01
-2.844999999999983231e+01
6.260000000000000142e+01
7.649999999999993250e+00
-3.174999999999956657e+01
-2.744999999999996021e+01
-4.414999999999990621e+01
-1.814500000000004434e+02
-5.400000000000002132e+01
-8.999999999999921840e+00
-7.934999999999993747e+01
5.299999999999968736e+00
-1.682000000000004434e+02
-3.429999999999999716e+01
1.089999999999997371e+01
2.499999999999928946e-01
1.300000000000004263e+00
-4.624999999999972999e+01
-3.705000000000005400e+01
-8.694999999999996021e+01
-7.884999999999962483e+01
-7.550000000000025580e+00
4.200000000000001421e+01
6.840000000000003411e+01
-1.695499999999994998e+02
-4.369999999999982521e+01
2.380000000000001492e+01
8.499999999999982236e+00
-1.155500000000003240e+02
-1.240499999999999403e+02
-3.550000000000000711e+00
-5.164999999999970726e+01
-9.089999999999946567e+01
-6.000000000000035527e+00
-6.070000000000003126e+01
-6.504999999999988347e+01
-2.246000000000016996e+02
6.144999999999998153e+01
6.540000000000000568e+01
-1.256499999999998352e+02
-4.366500000000011141e+02
-1.264499999999997897e+02
7.000000000000072831e+00
-9.374999999999977263e+01
-2.044000000000002615e+02
-1.112000000000000455e+02
5.359999999999998721e+01
-1.012000000000000313e+02
-1.385999999999997954e+02
-1.647500000000001137e+02
-3.065000000000001279e+01
-1.016999999999998749e+02
-6.604999999999972715e+01
-1.740000000000000924e+01
-8.229999999999989768e+01
6.224999999999999289e+01
4.629999999999997584e+01
-4.694999999999998863e+01
4.920000000000000284e+01
-1.405499999999999829e+02
6.999999999999957367e-01
2.049999999999996092e+01
1.310000000000000320e+01
-1.199500000000000455e+02
-6.279999999999996874e+01
-3.994999999999998863e+01
-5.605000000000002558e+01
6.765000000000000568e+01
9.699999999999995737e+00
-8.449999999999803890e+00
-5.074999999999998579e+01
6.800000000000105516e+00
1.125000000000000000e+01
-4.249999999999970157e+01
-5.465000000000000568e+01
-1.305999999999997954e+02
-1.909999999999986642e+01
-1.494999999999996554e+01
2.840000000000000924e+01
3.049999999999982947e+00
-3.979999999999996874e+01
4.340000000000000568e+01
-1.795000000000002416e+01
1.949999999999953104e+00
4.995000000000000995e+01
-1.420000000000002949e+01
-9.569999999999981810e+01
-7.734999999999955378e+01
-1.869499999999991644e+02
4.535000000000000853e+01
3.859999999999998010e+01
4.589999999999996305e+01
-3.859999999999981668e+01
-1.289999999999996874e+02
-1.909999999999996589e+01
5.799999999999991829e+00
-3.499999999999729994e-01
-1.175999999999995111e+02
4.314999999999999858e+01
-2.645000000000000995e+01
1.930000000000001492e+01
-6.904999999999988347e+01
4.529999999999998295e+01
-2.850000000000003979e+02
1.785000000000005826e+01
-2.589000000000010573e+02
-1.031499999999999488e+02
6.335000000000000142e+01
-2.168000000000002672e+02
-5.604999999999992610e+01
-6.134999999999990905e+01
1.359999999999999432e+01
6.015000000000001279e+01
2.155000000000000782e+01
-2.143499999999996248e+02
4.514999999999999858e+01
3.575000000000000000e+01
-1.143999999999998067e+02
-5.910000000000000142e+01
-8.639999999999987779e+01
-2.964999999999999858e+01
-2.324999999999992895e+01
4.634999999999996589e+01
-4.150000000000000000e+01
-2.229999999999996163e+01
-3.080500000000010346e+02
-6.824999999999997158e+01
-1.567499999999999147e+02
-7.224999999999901945e+01
-1.255000000000002203e+01
-4.499999999999990052e+01
-3.299999999999999289e+01
-1.233500000000004206e+02
2.950000000000017053e+00
-1.414999999999996305e+02
-1.443999999999992099e+02
-5.284999999999998010e+01
7.084999999999999432e+01
-1.739500000000016371e+02
-6.905000000000001137e+01
-2.450000000000031264e+00
5.174999999999999289e+01
4.539999999999995595e+01
2.120000000000009521e+01
-5.064999999999989200e+01
7.500000000000035527e-01
-6.825000000000000000e+01
5.234999999999999432e+01
-1.162499999999990479e+02
-8.064999999999992042e+01
-5.889999999999994884e+01
-1.335500000000013188e+02
-1.687499999999998010e+02
-5.529999999999962768e+01
-4.235000000000000853e+01
-4.284999999999993037e+01
-8.284999999999990905e+01
-5.930500000000054115e+02
-1.395000000000002416e+01
-6.709999999999990905e+01
-9.749999999999978684e+01
5.950000000000018829e+00
-7.039999999999972147e+01
-3.675000000000000000e+01
6.050000000000002132e+01
2.014999999999996660e+01
-4.374999999999996447e+01
-7.159999999999976694e+01
-5.549999999999933209e+00
-1.265999999999996106e+02
-9.850000000000061817e+00
-9.464999999999956515e+01
2.549999999999998579e+01
2.100000000000001066e+01
-1.546499999999997783e+02
7.075000000000000000e+01
3.444999999999997442e+01
-1.194999999999986784e+01
-1.046999999999999176e+02
-1.871499999999996362e+02
-3.340000000000000568e+01
2.145000000000000995e+01
4.364999999999996305e+01
-1.187499999999996874e+02
-4.499999999999772626e+00
-1.202000000000000171e+02
-7.899999999999994316e+01
-8.949999999999968736e+01
-1.436499999999988688e+02
-7.164999999999992042e+01
-3.750000000000000711e+01
-2.255000000000008811e+02
4.850000000000000000e+01
2.235000000000000497e+01
1.794999999999998863e+01
-1.725000000000003411e+02
-6.500000000000000000e+01
-8.694999999999998863e+01
-6.889999999999905356e+01
-8.124999999999997158e+01
6.414999999999997726e+01
4.299999999999999289e+01
-6.389999999999953673e+01
-1.885999999999998522e+02
-1.875999999999996817e+02
-2.549999999999997158e+00
-1.963000000000007503e+02
-8.749999999999951683e+01
-6.744999999999998863e+01
-1.349999999999995737e+02
-1.358000000000000114e+02
-1.142499999999998579e+02
-1.719999999999988205e+01
2.319999999999999929e+01
-1.869999999999984652e+01
-1.079999999999996305e+02
-7.049999999999972999e+01
-2.842170943040400743e-14
2.465000000000001990e+01
-1.252499999999995453e+02
-2.999999999999971578e-01
-1.319999999999971152e+01
2.675000000000000000e+01
-5.774999999999997158e+01
3.889999999999999147e+01
-9.649999999999842260e+00
-1.216000000000000512e+02
3.794999999999999574e+01
-1.321500000000005457e+02
-1.001499999999997783e+02
-6.364999999999987779e+01
3.245000000000000995e+01
5.629999999999999005e+01
-2.372500000000004832e+02
-8.199999999999980105e+01
4.279999999999999716e+01
-3.489999999999995595e+01
-3.254999999999991189e+01
-1.296999999999996191e+02
4.340000000000002700e+01
-1.999999999999994031e+02
1.140000000000000213e+01
4.854999999999996874e+01
-5.689999999999970726e+01
-6.949999999999977263e+01
-5.091500000000066848e+02
4.179999999999994742e+01
1.474999999999999645e+01
-1.046999999999995907e+02
-9.870000000000072760e+01
-1.078499999999997101e+02
3.839999999999997016e+01
-1.384499999999993065e+02
-5.550000000000011369e+00
-4.619999999999996021e+01
-5.745000000000000284e+01
4.240000000000001279e+01
7.999999999999616307e-01
5.840000000000000568e+01
-8.370000000000037232e+01
-1.020499999999998124e+02
-3.224999999999978684e+01
-5.275000000000002842e+01
-8.749999999999954525e+01
-1.899500000000001023e+02
-5.399999999999998579e+01
-2.177499999999996305e+02
1.839999999999997726e+01
-4.630000000000005400e+01
-1.585999999999998806e+02
-1.994999999999993179e+01
2.550000000000000355e+01
2.750000000000000000e+00
5.954999999999998295e+01
-1.073499999999997954e+02
-5.679999999999995453e+01
-6.884999999999992326e+01
4.274999999999998579e+01
-4.724999999999964473e+01
1.625000000000000711e+01
5.505000000000001137e+01
6.224999999999999289e+01
-9.124999999999991473e+01
-4.229999999999991900e+01
-1.327999999999996419e+02
-7.465000000000000568e+01
-7.289999999999993463e+01
-2.360000000000001563e+01
-1.133999999999999915e+02
4.699999999999993960e+00
-4.564999999999979252e+01
-3.294999999999997442e+01
-4.034999999999977405e+01
-2.757500000000033538e+02
2.250000000000071054e+00
-1.728999999999998352e+02
-5.094999999999980389e+01
-8.199999999999984368e+01
-4.061500000000033879e+02
-9.384999999999995168e+01
-1.410999999999995396e+02
2.039999999999999503e+01
-1.768499999999997954e+02
-4.739999999999984936e+01
-4.385000000000000853e+01
3.504999999999999005e+01
-4.654999999999984084e+01
-2.139999999999999147e+01
1.114999999999997016e+01
-3.048000000000006366e+02
-5.114999999999996305e+01
4.849999999999999289e+01
-3.899999999999948841e+01
-1.507499999999991758e+02
-2.154999999999996163e+01
-1.478500000000003922e+02
2.054999999999997584e+01
-2.049999999999995737e+02
-7.889999999999982094e+01
-8.359999999999995168e+01
-3.289999999999999858e+01
-2.600999999999997954e+02
-1.091999999999997044e+02
-2.999999999999758415e-01
-2.719999999999997087e+01
6.860000000000000853e+01
1.000000000000008704e+01
3.665000000000002700e+01
-1.219999999999996732e+01
-1.013499999999997954e+02
-1.118499999999999233e+02
2.999999999999985789e+00
-1.483499999999998238e+02
-7.949999999999967315e+01
-1.408499999999994543e+02
-3.034999999999985221e+01
-3.425000000000000711e+01
2.979999999999997584e+01
3.305000000000001137e+01
-1.868999999999995225e+02
-4.759999999999985221e+01
-1.334999999999998295e+02
-1.726499999999994088e+02
1.039999999999995950e+01
-2.284500000000006139e+02
-1.150000000000006395e+01
6.849999999999994316e+00
-4.949999999999967315e+00
-1.504499999999999886e+02
5.764999999999996305e+01
2.914999999999999858e+01
-2.141499999999999773e+02
4.814999999999999147e+01
-1.984999999999998010e+01
-1.212999999999997556e+02
4.249999999999994671e+00
-1.302000000000002444e+02
-1.474500000000001592e+02
-4.264999999999982805e+01
1.990000000000000568e+01
-1.096499999999993804e+02
-1.228999999999995367e+02
-1.369500000000001876e+02
-1.359999999999995879e+01
5.169999999999996732e+01
-3.244999999999993179e+01
3.369999999999998863e+01
-1.583499999999992554e+02
-1.398500000000003354e+02
3.724999999999996447e+01
-2.131500000000005741e+02
-2.150000000000034106e+00
-4.999999999996163069e-02
-1.806999999999999318e+02
4.700000000000187583e+00
3.495000000000000995e+01
7.130000000000001137e+01
1.955000000000000071e+01
-1.126999999999998181e+02
-1.067999999999993150e+02
-1.700500000000008924e+02
3.689999999999997726e+01
1.820000000000000284e+01
6.040000000000002700e+01
5.505000000000000426e+01
-1.824999999999999432e+02
-8.594999999999920703e+01
-5.169999999999976126e+01
-7.959999999999968168e+01
-1.260999999999997954e+02
9.100000000000022737e+00
-4.244999999999988205e+01
-1.155999999999999091e+02
3.035000000000001563e+01
-9.334999999999975273e+01
-5.264999999999986358e+01
-1.200999999999990990e+02
3.099999999999995737e+01
-3.500000000000085265e-01
-1.564999999999994884e+01
-5.999999999999722888e+00
-4.699999999999992895e+01
4.099999999999960565e+00
4.914999999999998437e+01
-1.260499999999998124e+02
2.610000000000004050e+01
-5.149999999999984368e+00
-1.782999999999996703e+02
5.639999999999999147e+01
-4.990000000000006963e+01
1.699999999999997868e+01
-5.364999999999970726e+01
3.680000000000000426e+01
-3.805000000000001137e+01
3.795000000000000284e+01
-1.522000000000003013e+02
5.465000000000000568e+01
-5.090000000000000568e+01
-3.265000000000004832e+01
-8.133000000000063210e+02
6.390000000000000568e+01
-1.245000000000000000e+02
-5.214999999999984936e+01
-6.084999999999938325e+01
3.419999999999996732e+01
4.904999999999996874e+01
5.724999999999995026e+01
7.995000000000000284e+01
-8.469999999999998863e+01
-4.944999999999983231e+01
-1.020000000000000284e+01
5.749999999999997158e+01
2.820000000000002061e+01
-6.799999999999947420e+00
-1.390999999999997385e+02
-5.124999999999967315e+01
2.590000000000001990e+01
3.709999999999995879e+01
-2.614999999999986358e+01
-4.929999999999999716e+01
2.775000000000002132e+01
-4.539000000000033879e+02
-5.904999999999986926e+01
-2.989999999999979252e+01
-2.824999999999998579e+01
-1.384999999999999076e+01
-2.859999999999998721e+01
-1.249999999999990052e+01
3.710000000000002274e+01
-5.054000000000052637e+02
-5.500000000000024869e+00
-1.053999999999991246e+02
5.564999999999999147e+01
-5.664999999999997726e+01
5.149999999999999289e+01
-6.022000000000044793e+02
-1.035000000000002629e+01
1.314999999999996838e+01
-4.449999999999971578e+01
-4.489000000000013415e+02
-2.245000000000001705e+01
-1.104500000000000313e+02
-2.120499999999999829e+02
2.074999999999994316e+01
-2.084999999999997300e+01
-1.775000000000002274e+02
-1.276999999999997186e+02
-7.749999999999971578e+01
3.199999999999995737e+00
4.310000000000001563e+01
-5.539999999999999147e+01
5.694999999999998863e+01
-1.303999999999998920e+02
6.314999999999997726e+01
-4.249999999999982947e+01
5.119999999999997442e+01
-5.229999999999974136e+01
1.460000000000002096e+01
-2.447500000000004547e+02
4.214999999999996305e+01
-4.949999999999978684e+01
2.754999999999995808e+01
-3.574999999999966604e+01
5.349999999999997868e+01
1.679999999999999005e+01
-4.744999999999983231e+01
-4.899999999999985789e+01
-1.008999999999998920e+02
7.500000000000142109e-01
9.999999999999952038e+00
-1.229000000000002331e+02
1.549999999999947420e+00
