1.000000000000000000e+03
1.000000000000000000e+03
6.200000000000000000e+02
1.000000000000000000e+03
1.000000000000000000e+03
1.000000000000000000e+03
1.000000000000000000e+03
1.000000000000000000e+03
2.770000000000000000e+02
1.000000000000000000e+03
1.000000000000000000e+03
1.000000000000000000e+03
2.740000000000000000e+02
3.390000000000000000e+02
1.000000000000000000e+03
1.000000000000000000e+03
1.000000000000000000e+03
3.840000000000000000e+02
2.520000000000000000e+02
1.000000000000000000e+03
1.000000000000000000e+03
1.000000000000000000e+03
1.000000000000000000e+03
1.000000000000000000e+03
1.000000000000000000e+03
1.000000000000000000e+03
1.000000000000000000e+03
2.700000000000000000e+02
1.000000000000000000e+03
1.000000000000000000e+03
3.180000000000000000e+02
1.000000000000000000e+03
1.000000000000000000e+03
1.000000000000000000e+03
2.580000000000000000e+02
1.000000000000000000e+03
2.640000000000000000e+02
1.000000000000000000e+03
3.300000000000000000e+02
3.480000000000000000e+02
2.000000000000000000e+02
1.000000000000000000e+03
1.000000000000000000e+03
1.000000000000000000e+03
1.000000000000000000e+03
1.000000000000000000e+03
1.000000000000000000e+03
1.000000000000000000e+03
1.000000000000000000e+03
5.500000000000000000e+02
1.000000000000000000e+03
1.000000000000000000e+03
1.000000000000000000e+03
4.520000000000000000e+02
1.000000000000000000e+03
1.000000000000000000e+03
1.000000000000000000e+03
1.000000000000000000e+03
1.000000000000000000e+03
1.000000000000000000e+03
1.000000000000000000e+03
1.000000000000000000e+03
7.880000000000000000e+02
1.000000000000000000e+03
1.000000000000000000e+03
2.530000000000000000e+02
4.510000000000000000e+02
3.380000000000000000e+02
1.000000000000000000e+03
6.140000000000000000e+02
3.990000000000000000e+02
1.000000000000000000e+03
1.000000000000000000e+03
1.000000000000000000e+03
1.000000000000000000e+03
4.180000000000000000e+02
1.000000000000000000e+03
1.000000000000000000e+03
7.250000000000000000e+02
1.000000000000000000e+03
1.000000000000000000e+03
1.000000000000000000e+03
1.000000000000000000e+03
3.780000000000000000e+02
1.000000000000000000e+03
2.750000000000000000e+02
1.000000000000000000e+03
1.000000000000000000e+03
5.300000000000000000e+02
1.000000000000000000e+03
3.960000000000000000e+02
1.000000000000000000e+03
2.550000000000000000e+02
2.940000000000000000e+02
1.000000000000000000e+03
1.000000000000000000e+03
1.000000000000000000e+03
3.910000000000000000e+02
1.000000000000000000e+03
1.000000000000000000e+03
5.460000000000000000e+02
1.000000000000000000e+03
1.000000000000000000e+03
1.000000000000000000e+03
2.830000000000000000e+02
3.940000000000000000e+02
1.000000000000000000e+03
1.000000000000000000e+03
1.000000000000000000e+03
2.000000000000000000e+02
3.800000000000000000e+02
3.080000000000000000e+02
1.000000000000000000e+03
1.000000000000000000e+03
3.160000000000000000e+02
3.190000000000000000e+02
5.030000000000000000e+02
4.580000000000000000e+02
1.000000000000000000e+03
1.000000000000000000e+03
1.000000000000000000e+03
4.230000000000000000e+02
1.000000000000000000e+03
3.210000000000000000e+02
2.740000000000000000e+02
1.000000000000000000e+03
2.100000000000000000e+02
1.000000000000000000e+03
1.000000000000000000e+03
2.810000000000000000e+02
1.000000000000000000e+03
1.000000000000000000e+03
1.000000000000000000e+03
1.000000000000000000e+03
2.450000000000000000e+02
1.000000000000000000e+03
4.050000000000000000e+02
1.000000000000000000e+03
3.020000000000000000e+02
1.000000000000000000e+03
5.340000000000000000e+02
1.000000000000000000e+03
1.000000000000000000e+03
6.440000000000000000e+02
1.000000000000000000e+03
1.000000000000000000e+03
1.000000000000000000e+03
7.490000000000000000e+02
1.000000000000000000e+03
1.000000000000000000e+03
1.000000000000000000e+03
1.000000000000000000e+03
2.600000000000000000e+02
1.000000000000000000e+03
4.580000000000000000e+02
1.000000000000000000e+03
6.310000000000000000e+02
3.490000000000000000e+02
3.750000000000000000e+02
1.000000000000000000e+03
1.000000000000000000e+03
1.000000000000000000e+03
1.000000000000000000e+03
1.000000000000000000e+03
1.000000000000000000e+03
2.690000000000000000e+02
1.000000000000000000e+03
3.360000000000000000e+02
1.000000000000000000e+03
1.000000000000000000e+03
1.000000000000000000e+03
1.000000000000000000e+03
3.990000000000000000e+02
1.000000000000000000e+03
1.000000000000000000e+03
1.000000000000000000e+03
1.000000000000000000e+03
1.000000000000000000e+03
1.000000000000000000e+03
6.400000000000000000e+02
1.000000000000000000e+03
1.000000000000000000e+03
2.470000000000000000e+02
4.000000000000000000e+02
2.880000000000000000e+02
3.680000000000000000e+02
1.000000000000000000e+03
3.090000000000000000e+02
1.000000000000000000e+03
1.000000000000000000e+03
3.750000000000000000e+02
1.000000000000000000e+03
1.000000000000000000e+03
1.000000000000000000e+03
1.000000000000000000e+03
1.000000000000000000e+03
1.000000000000000000e+03
3.380000000000000000e+02
1.000000000000000000e+03
1.000000000000000000e+03
2.360000000000000000e+02
4.540000000000000000e+02
1.000000000000000000e+03
1.000000000000000000e+03
3.370000000000000000e+02
8.380000000000000000e+02
1.000000000000000000e+03
1.000000000000000000e+03
6.920000000000000000e+02
3.210000000000000000e+02
1.000000000000000000e+03
1.000000000000000000e+03
1.000000000000000000e+03
1.000000000000000000e+03
1.000000000000000000e+03
1.000000000000000000e+03
1.000000000000000000e+03
8.000000000000000000e+02
1.000000000000000000e+03
1.000000000000000000e+03
1.000000000000000000e+03
1.000000000000000000e+03
4.290000000000000000e+02
1.000000000000000000e+03
1.000000000000000000e+03
1.000000000000000000e+03
1.000000000000000000e+03
1.000000000000000000e+03
1.000000000000000000e+03
1.000000000000000000e+03
1.000000000000000000e+03
3.400000000000000000e+02
3.520000000000000000e+02
1.000000000000000000e+03
3.020000000000000000e+02
3.600000000000000000e+02
1.000000000000000000e+03
3.290000000000000000e+02
4.010000000000000000e+02
7.220000000000000000e+02
1.000000000000000000e+03
1.000000000000000000e+03
2.210000000000000000e+02
5.990000000000000000e+02
3.220000000000000000e+02
1.000000000000000000e+03
1.000000000000000000e+03
1.000000000000000000e+03
1.000000000000000000e+03
7.990000000000000000e+02
1.000000000000000000e+03
5.180000000000000000e+02
2.450000000000000000e+02
2.360000000000000000e+02
1.000000000000000000e+03
2.870000000000000000e+02
1.000000000000000000e+03
3.370000000000000000e+02
1.000000000000000000e+03
1.000000000000000000e+03
1.000000000000000000e+03
2.950000000000000000e+02
3.130000000000000000e+02
4.580000000000000000e+02
1.760000000000000000e+02
1.000000000000000000e+03
1.000000000000000000e+03
1.000000000000000000e+03
1.000000000000000000e+03
1.000000000000000000e+03
1.000000000000000000e+03
1.000000000000000000e+03
1.000000000000000000e+03
1.000000000000000000e+03
1.000000000000000000e+03
1.000000000000000000e+03
1.000000000000000000e+03
7.390000000000000000e+02
1.000000000000000000e+03
1.000000000000000000e+03
1.000000000000000000e+03
1.000000000000000000e+03
3.450000000000000000e+02
8.880000000000000000e+02
1.000000000000000000e+03
1.000000000000000000e+03
3.290000000000000000e+02
1.000000000000000000e+03
3.260000000000000000e+02
9.660000000000000000e+02
1.000000000000000000e+03
6.620000000000000000e+02
1.000000000000000000e+03
1.000000000000000000e+03
5.050000000000000000e+02
1.000000000000000000e+03
1.000000000000000000e+03
4.630000000000000000e+02
1.000000000000000000e+03
1.000000000000000000e+03
1.000000000000000000e+03
1.000000000000000000e+03
1.000000000000000000e+03
1.000000000000000000e+03
1.000000000000000000e+03
1.000000000000000000e+03
8.880000000000000000e+02
3.610000000000000000e+02
1.000000000000000000e+03
1.000000000000000000e+03
1.000000000000000000e+03
3.720000000000000000e+02
2.260000000000000000e+02
9.810000000000000000e+02
1.000000000000000000e+03
1.000000000000000000e+03
2.260000000000000000e+02
1.000000000000000000e+03
2.570000000000000000e+02
1.000000000000000000e+03
3.740000000000000000e+02
1.000000000000000000e+03
1.000000000000000000e+03
1.000000000000000000e+03
1.000000000000000000e+03
1.000000000000000000e+03
1.000000000000000000e+03
1.000000000000000000e+03
1.000000000000000000e+03
2.530000000000000000e+02
1.000000000000000000e+03
1.000000000000000000e+03
1.000000000000000000e+03
1.000000000000000000e+03
3.100000000000000000e+02
1.000000000000000000e+03
1.000000000000000000e+03
1.000000000000000000e+03
1.000000000000000000e+03
3.010000000000000000e+02
4.290000000000000000e+02
2.150000000000000000e+02
1.000000000000000000e+03
1.000000000000000000e+03
4.740000000000000000e+02
1.000000000000000000e+03
3.910000000000000000e+02
1.000000000000000000e+03
1.000000000000000000e+03
3.100000000000000000e+02
1.000000000000000000e+03
1.000000000000000000e+03
1.000000000000000000e+03
1.000000000000000000e+03
5.380000000000000000e+02
1.000000000000000000e+03
1.000000000000000000e+03
1.000000000000000000e+03
1.000000000000000000e+03
1.000000000000000000e+03
1.000000000000000000e+03
2.500000000000000000e+02
1.000000000000000000e+03
1.000000000000000000e+03
4.170000000000000000e+02
4.940000000000000000e+02
1.000000000000000000e+03
1.000000000000000000e+03
1.000000000000000000e+03
3.550000000000000000e+02
1.000000000000000000e+03
1.000000000000000000e+03
1.000000000000000000e+03
3.090000000000000000e+02
2.870000000000000000e+02
1.000000000000000000e+03
1.000000000000000000e+03
1.000000000000000000e+03
1.000000000000000000e+03
1.000000000000000000e+03
3.210000000000000000e+02
4.610000000000000000e+02
1.000000000000000000e+03
3.080000000000000000e+02
1.000000000000000000e+03
4.120000000000000000e+02
1.000000000000000000e+03
2.650000000000000000e+02
1.000000000000000000e+03
1.000000000000000000e+03
1.000000000000000000e+03
8.100000000000000000e+02
1.000000000000000000e+03
1.000000000000000000e+03
1.000000000000000000e+03
1.000000000000000000e+03
1.000000000000000000e+03
2.340000000000000000e+02
1.000000000000000000e+03
1.000000000000000000e+03
1.000000000000000000e+03
1.000000000000000000e+03
1.000000000000000000e+03
1.000000000000000000e+03
2.400000000000000000e+02
1.000000000000000000e+03
4.300000000000000000e+02
1.000000000000000000e+03
2.690000000000000000e+02
3.260000000000000000e+02
4.380000000000000000e+02
1.000000000000000000e+03
3.940000000000000000e+02
1.000000000000000000e+03
1.000000000000000000e+03
1.000000000000000000e+03
1.000000000000000000e+03
1.000000000000000000e+03
4.560000000000000000e+02
1.000000000000000000e+03
4.010000000000000000e+02
4.410000000000000000e+02
2.610000000000000000e+02
9.330000000000000000e+02
1.000000000000000000e+03
4.650000000000000000e+02
1.000000000000000000e+03
9.060000000000000000e+02
1.000000000000000000e+03
1.000000000000000000e+03
5.140000000000000000e+02
1.000000000000000000e+03
1.000000000000000000e+03
1.000000000000000000e+03
1.000000000000000000e+03
1.000000000000000000e+03
3.690000000000000000e+02
1.000000000000000000e+03
1.000000000000000000e+03
1.000000000000000000e+03
3.390000000000000000e+02
1.000000000000000000e+03
3.950000000000000000e+02
6.790000000000000000e+02
1.000000000000000000e+03
8.240000000000000000e+02
1.000000000000000000e+03
3.060000000000000000e+02
1.000000000000000000e+03
6.800000000000000000e+02
1.000000000000000000e+03
2.480000000000000000e+02
1.000000000000000000e+03
2.550000000000000000e+02
7.330000000000000000e+02
9.190000000000000000e+02
2.690000000000000000e+02
3.480000000000000000e+02
1.000000000000000000e+03
2.950000000000000000e+02
1.000000000000000000e+03
2.130000000000000000e+02
1.000000000000000000e+03
1.000000000000000000e+03
1.000000000000000000e+03
1.900000000000000000e+02
1.000000000000000000e+03
4.850000000000000000e+02
1.000000000000000000e+03
1.000000000000000000e+03
6.570000000000000000e+02
1.000000000000000000e+03
1.000000000000000000e+03
4.700000000000000000e+02
5.880000000000000000e+02
1.000000000000000000e+03
6.950000000000000000e+02
4.440000000000000000e+02
1.000000000000000000e+03
1.000000000000000000e+03
2.590000000000000000e+02
3.470000000000000000e+02
1.000000000000000000e+03
1.000000000000000000e+03
1.000000000000000000e+03
1.000000000000000000e+03
3.960000000000000000e+02
1.000000000000000000e+03
1.000000000000000000e+03
3.840000000000000000e+02
2.220000000000000000e+02
1.000000000000000000e+03
1.000000000000000000e+03
3.610000000000000000e+02
1.000000000000000000e+03
1.000000000000000000e+03
1.000000000000000000e+03
1.000000000000000000e+03
1.000000000000000000e+03
1.000000000000000000e+03
1.000000000000000000e+03
7.150000000000000000e+02
5.120000000000000000e+02
2.660000000000000000e+02
2.830000000000000000e+02
2.740000000000000000e+02
1.000000000000000000e+03
3.350000000000000000e+02
1.000000000000000000e+03
1.000000000000000000e+03
2.780000000000000000e+02
1.000000000000000000e+03
1.000000000000000000e+03
1.000000000000000000e+03
1.000000000000000000e+03
1.000000000000000000e+03
1.000000000000000000e+03
2.670000000000000000e+02
1.000000000000000000e+03
2.480000000000000000e+02
1.000000000000000000e+03
1.000000000000000000e+03
3.430000000000000000e+02
1.000000000000000000e+03
1.000000000000000000e+03
1.000000000000000000e+03
1.000000000000000000e+03
1.000000000000000000e+03
1.000000000000000000e+03
4.890000000000000000e+02
2.630000000000000000e+02
3.380000000000000000e+02
1.000000000000000000e+03
1.000000000000000000e+03
2.780000000000000000e+02
5.060000000000000000e+02
1.000000000000000000e+03
1.000000000000000000e+03
1.000000000000000000e+03
4.310000000000000000e+02
1.000000000000000000e+03
5.200000000000000000e+02
1.000000000000000000e+03
1.000000000000000000e+03
1.000000000000000000e+03
2.620000000000000000e+02
2.450000000000000000e+02
1.000000000000000000e+03
1.000000000000000000e+03
1.000000000000000000e+03
1.000000000000000000e+03
7.390000000000000000e+02
1.000000000000000000e+03
1.000000000000000000e+03
3.110000000000000000e+02
4.960000000000000000e+02
1.000000000000000000e+03
1.000000000000000000e+03
1.000000000000000000e+03
1.000000000000000000e+03
1.000000000000000000e+03
1.000000000000000000e+03
1.000000000000000000e+03
2.270000000000000000e+02
2.370000000000000000e+02
1.000000000000000000e+03
2.400000000000000000e+02
1.000000000000000000e+03
5.720000000000000000e+02
6.110000000000000000e+02
1.000000000000000000e+03
1.000000000000000000e+03
1.000000000000000000e+03
1.000000000000000000e+03
1.000000000000000000e+03
2.140000000000000000e+02
2.300000000000000000e+02
1.000000000000000000e+03
1.000000000000000000e+03
1.000000000000000000e+03
1.000000000000000000e+03
1.000000000000000000e+03
1.000000000000000000e+03
1.000000000000000000e+03
1.000000000000000000e+03
1.000000000000000000e+03
1.000000000000000000e+03
1.000000000000000000e+03
1.000000000000000000e+03
2.640000000000000000e+02
1.000000000000000000e+03
5.120000000000000000e+02
2.340000000000000000e+02
1.000000000000000000e+03
1.000000000000000000e+03
1.000000000000000000e+03
1.000000000000000000e+03
2.500000000000000000e+02
3.280000000000000000e+02
3.280000000000000000e+02
1.000000000000000000e+03
1.000000000000000000e+03
1.000000000000000000e+03
4.080000000000000000e+02
1.000000000000000000e+03
1.000000000000000000e+03
3.470000000000000000e+02
3.450000000000000000e+02
4.170000000000000000e+02
1.000000000000000000e+03
2.670000000000000000e+02
1.000000000000000000e+03
1.000000000000000000e+03
1.000000000000000000e+03
1.000000000000000000e+03
2.520000000000000000e+02
8.010000000000000000e+02
7.690000000000000000e+02
1.000000000000000000e+03
1.000000000000000000e+03
2.310000000000000000e+02
1.000000000000000000e+03
1.000000000000000000e+03
2.250000000000000000e+02
2.300000000000000000e+02
1.000000000000000000e+03
1.000000000000000000e+03
1.000000000000000000e+03
1.000000000000000000e+03
1.000000000000000000e+03
2.380000000000000000e+02
1.000000000000000000e+03
1.000000000000000000e+03
1.000000000000000000e+03
1.000000000000000000e+03
7.880000000000000000e+02
1.000000000000000000e+03
1.000000000000000000e+03
6.510000000000000000e+02
1.000000000000000000e+03
1.000000000000000000e+03
3.930000000000000000e+02
1.000000000000000000e+03
1.000000000000000000e+03
1.000000000000000000e+03
3.080000000000000000e+02
9.850000000000000000e+02
1.000000000000000000e+03
1.000000000000000000e+03
3.570000000000000000e+02
3.860000000000000000e+02
2.920000000000000000e+02
1.000000000000000000e+03
1.000000000000000000e+03
1.000000000000000000e+03
2.650000000000000000e+02
1.000000000000000000e+03
1.000000000000000000e+03
1.000000000000000000e+03
1.000000000000000000e+03
1.000000000000000000e+03
6.030000000000000000e+02
1.000000000000000000e+03
1.000000000000000000e+03
1.000000000000000000e+03
1.000000000000000000e+03
1.000000000000000000e+03
1.000000000000000000e+03
1.000000000000000000e+03
1.000000000000000000e+03
1.000000000000000000e+03
1.000000000000000000e+03
2.360000000000000000e+02
3.570000000000000000e+02
1.000000000000000000e+03
1.000000000000000000e+03
1.000000000000000000e+03
1.000000000000000000e+03
1.000000000000000000e+03
1.000000000000000000e+03
4.590000000000000000e+02
2.940000000000000000e+02
1.000000000000000000e+03
2.370000000000000000e+02
3.060000000000000000e+02
3.070000000000000000e+02
1.000000000000000000e+03
1.000000000000000000e+03
2.800000000000000000e+02
4.790000000000000000e+02
4.010000000000000000e+02
1.000000000000000000e+03
2.730000000000000000e+02
1.000000000000000000e+03
1.000000000000000000e+03
1.000000000000000000e+03
1.000000000000000000e+03
1.000000000000000000e+03
1.000000000000000000e+03
1.000000000000000000e+03
2.270000000000000000e+02
1.000000000000000000e+03
3.810000000000000000e+02
1.000000000000000000e+03
1.000000000000000000e+03
1.000000000000000000e+03
1.000000000000000000e+03
1.000000000000000000e+03
2.040000000000000000e+02
4.670000000000000000e+02
1.000000000000000000e+03
1.000000000000000000e+03
1.000000000000000000e+03
1.000000000000000000e+03
1.000000000000000000e+03
1.000000000000000000e+03
1.000000000000000000e+03
1.000000000000000000e+03
1.000000000000000000e+03
1.000000000000000000e+03
1.000000000000000000e+03
5.210000000000000000e+02
1.000000000000000000e+03
1.000000000000000000e+03
1.000000000000000000e+03
4.380000000000000000e+02
4.360000000000000000e+02
1.000000000000000000e+03
1.000000000000000000e+03
6.230000000000000000e+02
3.300000000000000000e+02
1.000000000000000000e+03
3.450000000000000000e+02
1.000000000000000000e+03
1.000000000000000000e+03
3.170000000000000000e+02
1.000000000000000000e+03
1.000000000000000000e+03
1.000000000000000000e+03
3.280000000000000000e+02
2.670000000000000000e+02
1.000000000000000000e+03
1.000000000000000000e+03
2.830000000000000000e+02
1.000000000000000000e+03
6.620000000000000000e+02
1.000000000000000000e+03
3.160000000000000000e+02
1.000000000000000000e+03
1.000000000000000000e+03
3.380000000000000000e+02
1.000000000000000000e+03
1.000000000000000000e+03
1.000000000000000000e+03
4.410000000000000000e+02
4.140000000000000000e+02
1.000000000000000000e+03
1.000000000000000000e+03
1.000000000000000000e+03
2.580000000000000000e+02
1.000000000000000000e+03
1.000000000000000000e+03
7.190000000000000000e+02
1.000000000000000000e+03
3.980000000000000000e+02
6.290000000000000000e+02
2.480000000000000000e+02
1.000000000000000000e+03
1.000000000000000000e+03
1.000000000000000000e+03
1.000000000000000000e+03
1.000000000000000000e+03
1.000000000000000000e+03
1.000000000000000000e+03
1.000000000000000000e+03
3.350000000000000000e+02
1.000000000000000000e+03
1.000000000000000000e+03
1.000000000000000000e+03
4.000000000000000000e+02
1.000000000000000000e+03
2.080000000000000000e+02
1.000000000000000000e+03
1.000000000000000000e+03
1.000000000000000000e+03
3.530000000000000000e+02
6.630000000000000000e+02
1.000000000000000000e+03
2.040000000000000000e+02
2.540000000000000000e+02
1.000000000000000000e+03
6.530000000000000000e+02
1.000000000000000000e+03
1.000000000000000000e+03
1.000000000000000000e+03
4.600000000000000000e+02
1.000000000000000000e+03
1.000000000000000000e+03
1.000000000000000000e+03
8.950000000000000000e+02
1.000000000000000000e+03
1.000000000000000000e+03
4.450000000000000000e+02
1.000000000000000000e+03
1.000000000000000000e+03
1.000000000000000000e+03
1.000000000000000000e+03
1.000000000000000000e+03
1.000000000000000000e+03
2.610000000000000000e+02
1.000000000000000000e+03
1.000000000000000000e+03
1.000000000000000000e+03
4.300000000000000000e+02
1.000000000000000000e+03
1.000000000000000000e+03
5.440000000000000000e+02
1.000000000000000000e+03
5.110000000000000000e+02
2.800000000000000000e+02
6.580000000000000000e+02
1.000000000000000000e+03
1.000000000000000000e+03
1.000000000000000000e+03
3.610000000000000000e+02
1.000000000000000000e+03
1.000000000000000000e+03
1.000000000000000000e+03
1.000000000000000000e+03
1.000000000000000000e+03
1.000000000000000000e+03
1.000000000000000000e+03
1.000000000000000000e+03
2.650000000000000000e+02
1.000000000000000000e+03
3.350000000000000000e+02
1.000000000000000000e+03
1.000000000000000000e+03
1.000000000000000000e+03
1.000000000000000000e+03
1.000000000000000000e+03
1.000000000000000000e+03
1.000000000000000000e+03
1.000000000000000000e+03
1.000000000000000000e+03
3.020000000000000000e+02
1.960000000000000000e+02
1.000000000000000000e+03
1.000000000000000000e+03
1.000000000000000000e+03
1.000000000000000000e+03
4.230000000000000000e+02
1.000000000000000000e+03
5.530000000000000000e+02
4.830000000000000000e+02
4.550000000000000000e+02
1.000000000000000000e+03
2.560000000000000000e+02
4.240000000000000000e+02
1.000000000000000000e+03
3.200000000000000000e+02
1.000000000000000000e+03
1.000000000000000000e+03
1.000000000000000000e+03
1.000000000000000000e+03
3.870000000000000000e+02
1.000000000000000000e+03
4.690000000000000000e+02
1.000000000000000000e+03
1.000000000000000000e+03
1.000000000000000000e+03
4.440000000000000000e+02
3.530000000000000000e+02
5.670000000000000000e+02
2.870000000000000000e+02
1.000000000000000000e+03
1.000000000000000000e+03
3.200000000000000000e+02
1.000000000000000000e+03
1.000000000000000000e+03
4.990000000000000000e+02
1.000000000000000000e+03
4.500000000000000000e+02
2.810000000000000000e+02
2.050000000000000000e+02
1.000000000000000000e+03
1.000000000000000000e+03
1.000000000000000000e+03
1.000000000000000000e+03
4.320000000000000000e+02
1.000000000000000000e+03
2.110000000000000000e+02
2.790000000000000000e+02
1.000000000000000000e+03
1.000000000000000000e+03
1.000000000000000000e+03
1.000000000000000000e+03
1.000000000000000000e+03
1.000000000000000000e+03
1.000000000000000000e+03
1.000000000000000000e+03
3.360000000000000000e+02
1.000000000000000000e+03
1.000000000000000000e+03
1.000000000000000000e+03
4.140000000000000000e+02
1.000000000000000000e+03
1.000000000000000000e+03
4.520000000000000000e+02
1.000000000000000000e+03
3.330000000000000000e+02
2.780000000000000000e+02
1.000000000000000000e+03
2.920000000000000000e+02
1.000000000000000000e+03
1.000000000000000000e+03
2.140000000000000000e+02
1.000000000000000000e+03
2.450000000000000000e+02
1.000000000000000000e+03
4.420000000000000000e+02
1.000000000000000000e+03
3.770000000000000000e+02
1.000000000000000000e+03
3.040000000000000000e+02
1.000000000000000000e+03
1.000000000000000000e+03
1.000000000000000000e+03
2.090000000000000000e+02
1.000000000000000000e+03
6.890000000000000000e+02
1.000000000000000000e+03
4.280000000000000000e+02
2.050000000000000000e+02
3.300000000000000000e+02
2.260000000000000000e+02
1.000000000000000000e+03
1.000000000000000000e+03
4.290000000000000000e+02
2.280000000000000000e+02
3.280000000000000000e+02
1.000000000000000000e+03
1.000000000000000000e+03
1.000000000000000000e+03
2.490000000000000000e+02
4.290000000000000000e+02
1.000000000000000000e+03
1.000000000000000000e+03
3.340000000000000000e+02
1.000000000000000000e+03
1.000000000000000000e+03
1.000000000000000000e+03
1.000000000000000000e+03
1.000000000000000000e+03
1.000000000000000000e+03
3.010000000000000000e+02
4.640000000000000000e+02
1.000000000000000000e+03
1.000000000000000000e+03
1.000000000000000000e+03
2.490000000000000000e+02
1.000000000000000000e+03
3.230000000000000000e+02
1.000000000000000000e+03
1.000000000000000000e+03
1.000000000000000000e+03
1.000000000000000000e+03
1.000000000000000000e+03
3.570000000000000000e+02
1.000000000000000000e+03
1.000000000000000000e+03
5.180000000000000000e+02
3.050000000000000000e+02
1.000000000000000000e+03
1.000000000000000000e+03
1.000000000000000000e+03
1.000000000000000000e+03
3.130000000000000000e+02
1.000000000000000000e+03
2.140000000000000000e+02
1.000000000000000000e+03
2.510000000000000000e+02
1.000000000000000000e+03
2.840000000000000000e+02
1.000000000000000000e+03
4.720000000000000000e+02
9.390000000000000000e+02
3.410000000000000000e+02
1.000000000000000000e+03
3.600000000000000000e+02
1.000000000000000000e+03
2.100000000000000000e+02
2.890000000000000000e+02
1.000000000000000000e+03
1.000000000000000000e+03
1.000000000000000000e+03
1.000000000000000000e+03
1.000000000000000000e+03
1.000000000000000000e+03
7.780000000000000000e+02
