2.670000000000000000e+02
1.000000000000000000e+03
1.000000000000000000e+03
2.280000000000000000e+02
2.400000000000000000e+02
1.000000000000000000e+03
3.820000000000000000e+02
1.000000000000000000e+03
5.190000000000000000e+02
6.500000000000000000e+02
1.000000000000000000e+03
2.500000000000000000e+02
1.000000000000000000e+03
2.200000000000000000e+02
6.230000000000000000e+02
2.950000000000000000e+02
3.160000000000000000e+02
2.160000000000000000e+02
1.000000000000000000e+03
5.110000000000000000e+02
1.000000000000000000e+03
5.640000000000000000e+02
4.960000000000000000e+02
2.150000000000000000e+02
2.640000000000000000e+02
1.000000000000000000e+03
1.000000000000000000e+03
1.000000000000000000e+03
1.000000000000000000e+03
2.610000000000000000e+02
2.630000000000000000e+02
2.390000000000000000e+02
2.280000000000000000e+02
2.520000000000000000e+02
2.200000000000000000e+02
2.860000000000000000e+02
1.000000000000000000e+03
2.560000000000000000e+02
6.570000000000000000e+02
1.000000000000000000e+03
4.770000000000000000e+02
2.320000000000000000e+02
3.420000000000000000e+02
2.050000000000000000e+02
3.850000000000000000e+02
1.000000000000000000e+03
3.890000000000000000e+02
3.690000000000000000e+02
4.490000000000000000e+02
3.830000000000000000e+02
2.930000000000000000e+02
2.950000000000000000e+02
2.290000000000000000e+02
2.540000000000000000e+02
6.540000000000000000e+02
1.000000000000000000e+03
7.140000000000000000e+02
3.940000000000000000e+02
2.850000000000000000e+02
1.000000000000000000e+03
1.000000000000000000e+03
2.370000000000000000e+02
2.070000000000000000e+02
1.000000000000000000e+03
2.670000000000000000e+02
3.000000000000000000e+02
6.620000000000000000e+02
5.820000000000000000e+02
2.470000000000000000e+02
1.000000000000000000e+03
1.000000000000000000e+03
1.000000000000000000e+03
2.680000000000000000e+02
1.770000000000000000e+02
1.000000000000000000e+03
9.870000000000000000e+02
4.560000000000000000e+02
2.600000000000000000e+02
2.380000000000000000e+02
2.220000000000000000e+02
2.300000000000000000e+02
2.370000000000000000e+02
5.100000000000000000e+02
3.680000000000000000e+02
1.000000000000000000e+03
4.430000000000000000e+02
1.000000000000000000e+03
1.000000000000000000e+03
2.780000000000000000e+02
2.640000000000000000e+02
3.130000000000000000e+02
2.950000000000000000e+02
5.370000000000000000e+02
5.020000000000000000e+02
1.000000000000000000e+03
1.000000000000000000e+03
4.300000000000000000e+02
2.150000000000000000e+02
2.620000000000000000e+02
1.000000000000000000e+03
3.380000000000000000e+02
2.240000000000000000e+02
2.570000000000000000e+02
1.000000000000000000e+03
3.160000000000000000e+02
1.000000000000000000e+03
1.000000000000000000e+03
1.000000000000000000e+03
2.550000000000000000e+02
5.640000000000000000e+02
3.170000000000000000e+02
3.490000000000000000e+02
1.950000000000000000e+02
2.670000000000000000e+02
1.000000000000000000e+03
2.420000000000000000e+02
2.500000000000000000e+02
3.300000000000000000e+02
4.550000000000000000e+02
2.180000000000000000e+02
1.000000000000000000e+03
8.350000000000000000e+02
2.260000000000000000e+02
1.000000000000000000e+03
1.000000000000000000e+03
1.000000000000000000e+03
2.970000000000000000e+02
2.680000000000000000e+02
2.690000000000000000e+02
1.000000000000000000e+03
1.000000000000000000e+03
3.800000000000000000e+02
1.000000000000000000e+03
3.170000000000000000e+02
2.160000000000000000e+02
1.000000000000000000e+03
2.510000000000000000e+02
7.490000000000000000e+02
2.560000000000000000e+02
3.610000000000000000e+02
1.000000000000000000e+03
3.890000000000000000e+02
1.000000000000000000e+03
2.220000000000000000e+02
2.260000000000000000e+02
1.000000000000000000e+03
1.000000000000000000e+03
3.600000000000000000e+02
2.250000000000000000e+02
2.300000000000000000e+02
5.110000000000000000e+02
1.000000000000000000e+03
1.000000000000000000e+03
1.000000000000000000e+03
1.000000000000000000e+03
1.000000000000000000e+03
3.380000000000000000e+02
1.000000000000000000e+03
3.300000000000000000e+02
2.330000000000000000e+02
1.000000000000000000e+03
1.000000000000000000e+03
4.010000000000000000e+02
1.000000000000000000e+03
1.000000000000000000e+03
1.000000000000000000e+03
4.780000000000000000e+02
1.000000000000000000e+03
1.000000000000000000e+03
2.670000000000000000e+02
1.000000000000000000e+03
1.000000000000000000e+03
1.000000000000000000e+03
2.820000000000000000e+02
1.000000000000000000e+03
2.660000000000000000e+02
2.690000000000000000e+02
2.990000000000000000e+02
6.670000000000000000e+02
3.730000000000000000e+02
3.190000000000000000e+02
2.160000000000000000e+02
1.000000000000000000e+03
4.390000000000000000e+02
1.000000000000000000e+03
2.760000000000000000e+02
4.500000000000000000e+02
2.500000000000000000e+02
2.800000000000000000e+02
2.760000000000000000e+02
3.400000000000000000e+02
3.190000000000000000e+02
2.170000000000000000e+02
3.080000000000000000e+02
2.410000000000000000e+02
2.310000000000000000e+02
1.000000000000000000e+03
3.110000000000000000e+02
1.000000000000000000e+03
5.000000000000000000e+02
2.400000000000000000e+02
1.000000000000000000e+03
2.970000000000000000e+02
8.860000000000000000e+02
2.560000000000000000e+02
1.000000000000000000e+03
4.330000000000000000e+02
2.360000000000000000e+02
1.000000000000000000e+03
2.260000000000000000e+02
2.160000000000000000e+02
2.070000000000000000e+02
5.040000000000000000e+02
2.380000000000000000e+02
1.000000000000000000e+03
3.840000000000000000e+02
2.960000000000000000e+02
1.000000000000000000e+03
2.590000000000000000e+02
1.000000000000000000e+03
2.380000000000000000e+02
2.350000000000000000e+02
2.520000000000000000e+02
3.370000000000000000e+02
1.000000000000000000e+03
1.000000000000000000e+03
4.060000000000000000e+02
1.000000000000000000e+03
1.000000000000000000e+03
1.000000000000000000e+03
8.480000000000000000e+02
4.820000000000000000e+02
3.290000000000000000e+02
1.000000000000000000e+03
2.840000000000000000e+02
1.000000000000000000e+03
2.700000000000000000e+02
3.120000000000000000e+02
4.890000000000000000e+02
4.860000000000000000e+02
2.590000000000000000e+02
4.520000000000000000e+02
1.000000000000000000e+03
1.900000000000000000e+02
2.220000000000000000e+02
2.900000000000000000e+02
2.400000000000000000e+02
2.340000000000000000e+02
2.100000000000000000e+02
3.510000000000000000e+02
1.000000000000000000e+03
2.220000000000000000e+02
3.000000000000000000e+02
2.670000000000000000e+02
3.160000000000000000e+02
3.610000000000000000e+02
1.000000000000000000e+03
4.670000000000000000e+02
3.480000000000000000e+02
1.960000000000000000e+02
3.670000000000000000e+02
2.430000000000000000e+02
2.170000000000000000e+02
3.320000000000000000e+02
2.930000000000000000e+02
1.000000000000000000e+03
1.000000000000000000e+03
3.510000000000000000e+02
2.810000000000000000e+02
8.900000000000000000e+02
2.480000000000000000e+02
3.360000000000000000e+02
3.050000000000000000e+02
7.030000000000000000e+02
4.450000000000000000e+02
5.300000000000000000e+02
2.820000000000000000e+02
2.580000000000000000e+02
3.360000000000000000e+02
3.030000000000000000e+02
2.410000000000000000e+02
2.760000000000000000e+02
1.000000000000000000e+03
1.000000000000000000e+03
1.000000000000000000e+03
1.000000000000000000e+03
1.000000000000000000e+03
3.560000000000000000e+02
3.040000000000000000e+02
2.500000000000000000e+02
2.820000000000000000e+02
2.660000000000000000e+02
1.000000000000000000e+03
3.450000000000000000e+02
2.220000000000000000e+02
4.210000000000000000e+02
1.000000000000000000e+03
1.000000000000000000e+03
1.000000000000000000e+03
2.680000000000000000e+02
2.850000000000000000e+02
2.670000000000000000e+02
1.000000000000000000e+03
3.040000000000000000e+02
2.780000000000000000e+02
5.140000000000000000e+02
3.190000000000000000e+02
3.050000000000000000e+02
1.000000000000000000e+03
3.360000000000000000e+02
1.000000000000000000e+03
2.260000000000000000e+02
2.180000000000000000e+02
4.120000000000000000e+02
1.000000000000000000e+03
1.000000000000000000e+03
7.260000000000000000e+02
1.000000000000000000e+03
1.000000000000000000e+03
2.500000000000000000e+02
3.000000000000000000e+02
2.730000000000000000e+02
2.350000000000000000e+02
1.000000000000000000e+03
5.800000000000000000e+02
4.580000000000000000e+02
3.200000000000000000e+02
1.000000000000000000e+03
1.000000000000000000e+03
2.670000000000000000e+02
1.000000000000000000e+03
1.000000000000000000e+03
2.140000000000000000e+02
2.370000000000000000e+02
3.300000000000000000e+02
2.230000000000000000e+02
2.410000000000000000e+02
2.310000000000000000e+02
1.000000000000000000e+03
2.700000000000000000e+02
1.000000000000000000e+03
3.270000000000000000e+02
1.000000000000000000e+03
2.510000000000000000e+02
1.000000000000000000e+03
2.240000000000000000e+02
2.430000000000000000e+02
1.000000000000000000e+03
1.000000000000000000e+03
1.000000000000000000e+03
1.000000000000000000e+03
2.380000000000000000e+02
1.000000000000000000e+03
4.420000000000000000e+02
2.450000000000000000e+02
1.000000000000000000e+03
3.160000000000000000e+02
1.000000000000000000e+03
4.290000000000000000e+02
3.370000000000000000e+02
1.000000000000000000e+03
1.000000000000000000e+03
2.270000000000000000e+02
1.000000000000000000e+03
5.880000000000000000e+02
2.200000000000000000e+02
2.740000000000000000e+02
1.000000000000000000e+03
3.250000000000000000e+02
2.730000000000000000e+02
1.000000000000000000e+03
4.840000000000000000e+02
3.950000000000000000e+02
3.650000000000000000e+02
2.560000000000000000e+02
2.220000000000000000e+02
1.000000000000000000e+03
2.590000000000000000e+02
1.000000000000000000e+03
2.300000000000000000e+02
3.530000000000000000e+02
2.650000000000000000e+02
1.000000000000000000e+03
1.000000000000000000e+03
1.000000000000000000e+03
1.000000000000000000e+03
1.000000000000000000e+03
3.860000000000000000e+02
5.920000000000000000e+02
1.000000000000000000e+03
2.660000000000000000e+02
4.550000000000000000e+02
7.790000000000000000e+02
5.780000000000000000e+02
1.000000000000000000e+03
2.020000000000000000e+02
9.170000000000000000e+02
1.000000000000000000e+03
2.810000000000000000e+02
3.480000000000000000e+02
6.400000000000000000e+02
1.000000000000000000e+03
3.040000000000000000e+02
3.550000000000000000e+02
1.000000000000000000e+03
2.810000000000000000e+02
3.510000000000000000e+02
8.740000000000000000e+02
2.750000000000000000e+02
1.000000000000000000e+03
7.260000000000000000e+02
2.900000000000000000e+02
1.000000000000000000e+03
4.440000000000000000e+02
1.000000000000000000e+03
4.870000000000000000e+02
1.000000000000000000e+03
8.560000000000000000e+02
1.000000000000000000e+03
3.210000000000000000e+02
2.780000000000000000e+02
3.170000000000000000e+02
4.340000000000000000e+02
2.220000000000000000e+02
2.630000000000000000e+02
4.660000000000000000e+02
1.000000000000000000e+03
1.000000000000000000e+03
1.000000000000000000e+03
2.420000000000000000e+02
3.130000000000000000e+02
3.100000000000000000e+02
2.370000000000000000e+02
3.190000000000000000e+02
2.520000000000000000e+02
2.660000000000000000e+02
4.790000000000000000e+02
5.370000000000000000e+02
3.600000000000000000e+02
1.000000000000000000e+03
1.000000000000000000e+03
3.050000000000000000e+02
4.610000000000000000e+02
3.140000000000000000e+02
6.110000000000000000e+02
2.250000000000000000e+02
2.570000000000000000e+02
6.980000000000000000e+02
2.880000000000000000e+02
3.520000000000000000e+02
3.360000000000000000e+02
3.300000000000000000e+02
5.430000000000000000e+02
1.000000000000000000e+03
1.000000000000000000e+03
3.680000000000000000e+02
1.000000000000000000e+03
2.860000000000000000e+02
1.000000000000000000e+03
2.720000000000000000e+02
4.000000000000000000e+02
2.420000000000000000e+02
1.000000000000000000e+03
3.660000000000000000e+02
3.770000000000000000e+02
8.060000000000000000e+02
3.930000000000000000e+02
1.000000000000000000e+03
1.000000000000000000e+03
2.740000000000000000e+02
2.860000000000000000e+02
1.000000000000000000e+03
2.020000000000000000e+02
1.000000000000000000e+03
5.470000000000000000e+02
1.000000000000000000e+03
1.000000000000000000e+03
2.500000000000000000e+02
1.710000000000000000e+02
2.340000000000000000e+02
6.800000000000000000e+02
1.000000000000000000e+03
2.440000000000000000e+02
2.980000000000000000e+02
2.750000000000000000e+02
2.260000000000000000e+02
2.560000000000000000e+02
1.000000000000000000e+03
2.450000000000000000e+02
2.400000000000000000e+02
1.000000000000000000e+03
1.000000000000000000e+03
2.960000000000000000e+02
2.620000000000000000e+02
2.200000000000000000e+02
3.680000000000000000e+02
1.000000000000000000e+03
3.550000000000000000e+02
2.790000000000000000e+02
1.000000000000000000e+03
3.890000000000000000e+02
2.220000000000000000e+02
2.100000000000000000e+02
3.050000000000000000e+02
3.230000000000000000e+02
5.220000000000000000e+02
3.930000000000000000e+02
1.000000000000000000e+03
1.000000000000000000e+03
5.430000000000000000e+02
1.000000000000000000e+03
2.760000000000000000e+02
2.530000000000000000e+02
1.000000000000000000e+03
1.000000000000000000e+03
1.000000000000000000e+03
5.490000000000000000e+02
2.710000000000000000e+02
1.000000000000000000e+03
2.090000000000000000e+02
4.520000000000000000e+02
3.860000000000000000e+02
2.670000000000000000e+02
3.140000000000000000e+02
1.000000000000000000e+03
3.430000000000000000e+02
1.000000000000000000e+03
1.000000000000000000e+03
2.490000000000000000e+02
2.180000000000000000e+02
1.000000000000000000e+03
1.000000000000000000e+03
3.720000000000000000e+02
1.000000000000000000e+03
1.000000000000000000e+03
1.000000000000000000e+03
2.560000000000000000e+02
2.350000000000000000e+02
1.000000000000000000e+03
3.290000000000000000e+02
1.000000000000000000e+03
3.330000000000000000e+02
2.690000000000000000e+02
3.140000000000000000e+02
1.000000000000000000e+03
2.600000000000000000e+02
2.270000000000000000e+02
1.000000000000000000e+03
1.000000000000000000e+03
1.000000000000000000e+03
2.320000000000000000e+02
3.530000000000000000e+02
4.110000000000000000e+02
4.490000000000000000e+02
4.690000000000000000e+02
1.990000000000000000e+02
2.430000000000000000e+02
1.820000000000000000e+02
2.610000000000000000e+02
5.440000000000000000e+02
2.390000000000000000e+02
1.940000000000000000e+02
1.000000000000000000e+03
3.090000000000000000e+02
2.080000000000000000e+02
1.000000000000000000e+03
2.070000000000000000e+02
3.290000000000000000e+02
1.000000000000000000e+03
3.120000000000000000e+02
1.000000000000000000e+03
1.000000000000000000e+03
2.900000000000000000e+02
3.750000000000000000e+02
1.000000000000000000e+03
1.000000000000000000e+03
1.000000000000000000e+03
8.010000000000000000e+02
2.320000000000000000e+02
2.880000000000000000e+02
2.610000000000000000e+02
3.580000000000000000e+02
2.470000000000000000e+02
2.350000000000000000e+02
2.410000000000000000e+02
4.830000000000000000e+02
1.000000000000000000e+03
2.390000000000000000e+02
2.090000000000000000e+02
4.560000000000000000e+02
1.000000000000000000e+03
4.850000000000000000e+02
3.140000000000000000e+02
2.160000000000000000e+02
8.500000000000000000e+02
1.000000000000000000e+03
1.000000000000000000e+03
1.000000000000000000e+03
1.000000000000000000e+03
2.940000000000000000e+02
7.370000000000000000e+02
9.950000000000000000e+02
1.000000000000000000e+03
2.230000000000000000e+02
3.140000000000000000e+02
1.000000000000000000e+03
5.590000000000000000e+02
2.350000000000000000e+02
1.970000000000000000e+02
1.000000000000000000e+03
2.470000000000000000e+02
2.540000000000000000e+02
2.810000000000000000e+02
3.560000000000000000e+02
1.000000000000000000e+03
6.690000000000000000e+02
1.000000000000000000e+03
4.550000000000000000e+02
1.000000000000000000e+03
2.620000000000000000e+02
3.140000000000000000e+02
2.480000000000000000e+02
8.200000000000000000e+02
1.000000000000000000e+03
3.630000000000000000e+02
3.330000000000000000e+02
5.640000000000000000e+02
7.270000000000000000e+02
2.620000000000000000e+02
1.000000000000000000e+03
9.280000000000000000e+02
1.000000000000000000e+03
2.080000000000000000e+02
3.830000000000000000e+02
2.640000000000000000e+02
1.000000000000000000e+03
2.090000000000000000e+02
2.730000000000000000e+02
1.000000000000000000e+03
1.000000000000000000e+03
1.000000000000000000e+03
2.720000000000000000e+02
2.380000000000000000e+02
2.510000000000000000e+02
3.890000000000000000e+02
2.320000000000000000e+02
1.000000000000000000e+03
2.160000000000000000e+02
1.000000000000000000e+03
1.990000000000000000e+02
4.090000000000000000e+02
3.010000000000000000e+02
2.290000000000000000e+02
2.380000000000000000e+02
7.240000000000000000e+02
8.150000000000000000e+02
1.000000000000000000e+03
2.120000000000000000e+02
5.060000000000000000e+02
1.000000000000000000e+03
1.000000000000000000e+03
2.450000000000000000e+02
2.570000000000000000e+02
1.000000000000000000e+03
1.000000000000000000e+03
6.780000000000000000e+02
8.390000000000000000e+02
1.000000000000000000e+03
3.360000000000000000e+02
1.000000000000000000e+03
1.000000000000000000e+03
2.400000000000000000e+02
1.000000000000000000e+03
2.220000000000000000e+02
2.230000000000000000e+02
1.000000000000000000e+03
3.760000000000000000e+02
4.290000000000000000e+02
2.730000000000000000e+02
7.060000000000000000e+02
2.030000000000000000e+02
2.540000000000000000e+02
3.410000000000000000e+02
3.340000000000000000e+02
3.840000000000000000e+02
1.000000000000000000e+03
1.770000000000000000e+02
3.440000000000000000e+02
1.000000000000000000e+03
2.450000000000000000e+02
1.000000000000000000e+03
1.000000000000000000e+03
1.000000000000000000e+03
1.000000000000000000e+03
2.950000000000000000e+02
4.680000000000000000e+02
2.940000000000000000e+02
7.180000000000000000e+02
3.550000000000000000e+02
1.000000000000000000e+03
2.460000000000000000e+02
1.000000000000000000e+03
2.290000000000000000e+02
3.850000000000000000e+02
1.000000000000000000e+03
1.960000000000000000e+02
3.080000000000000000e+02
2.460000000000000000e+02
2.430000000000000000e+02
1.000000000000000000e+03
2.250000000000000000e+02
1.000000000000000000e+03
3.110000000000000000e+02
7.600000000000000000e+02
2.430000000000000000e+02
3.140000000000000000e+02
2.970000000000000000e+02
1.000000000000000000e+03
3.220000000000000000e+02
1.000000000000000000e+03
1.000000000000000000e+03
2.230000000000000000e+02
1.000000000000000000e+03
2.390000000000000000e+02
3.630000000000000000e+02
3.570000000000000000e+02
3.590000000000000000e+02
3.430000000000000000e+02
1.000000000000000000e+03
1.000000000000000000e+03
2.590000000000000000e+02
2.160000000000000000e+02
3.900000000000000000e+02
1.000000000000000000e+03
3.540000000000000000e+02
3.510000000000000000e+02
2.440000000000000000e+02
2.870000000000000000e+02
1.000000000000000000e+03
1.000000000000000000e+03
4.380000000000000000e+02
2.810000000000000000e+02
3.680000000000000000e+02
1.000000000000000000e+03
2.310000000000000000e+02
1.960000000000000000e+02
1.000000000000000000e+03
2.280000000000000000e+02
1.000000000000000000e+03
8.120000000000000000e+02
1.000000000000000000e+03
1.000000000000000000e+03
2.690000000000000000e+02
4.750000000000000000e+02
1.000000000000000000e+03
3.290000000000000000e+02
1.000000000000000000e+03
2.960000000000000000e+02
2.680000000000000000e+02
2.690000000000000000e+02
7.190000000000000000e+02
1.000000000000000000e+03
2.950000000000000000e+02
2.890000000000000000e+02
5.380000000000000000e+02
7.280000000000000000e+02
1.000000000000000000e+03
1.000000000000000000e+03
3.760000000000000000e+02
1.000000000000000000e+03
1.000000000000000000e+03
2.330000000000000000e+02
3.590000000000000000e+02
2.000000000000000000e+02
1.000000000000000000e+03
3.840000000000000000e+02
2.940000000000000000e+02
2.610000000000000000e+02
4.680000000000000000e+02
1.000000000000000000e+03
2.510000000000000000e+02
2.810000000000000000e+02
2.400000000000000000e+02
2.450000000000000000e+02
1.000000000000000000e+03
2.790000000000000000e+02
1.000000000000000000e+03
4.210000000000000000e+02
2.940000000000000000e+02
2.760000000000000000e+02
2.960000000000000000e+02
2.740000000000000000e+02
1.000000000000000000e+03
1.000000000000000000e+03
7.890000000000000000e+02
2.770000000000000000e+02
2.690000000000000000e+02
2.320000000000000000e+02
6.980000000000000000e+02
3.150000000000000000e+02
6.500000000000000000e+02
2.960000000000000000e+02
2.290000000000000000e+02
5.480000000000000000e+02
2.150000000000000000e+02
2.810000000000000000e+02
3.520000000000000000e+02
2.620000000000000000e+02
1.000000000000000000e+03
2.760000000000000000e+02
1.000000000000000000e+03
3.220000000000000000e+02
2.460000000000000000e+02
4.060000000000000000e+02
1.000000000000000000e+03
3.640000000000000000e+02
2.220000000000000000e+02
2.670000000000000000e+02
3.040000000000000000e+02
6.990000000000000000e+02
2.410000000000000000e+02
1.000000000000000000e+03
2.190000000000000000e+02
1.000000000000000000e+03
1.000000000000000000e+03
1.950000000000000000e+02
1.000000000000000000e+03
1.000000000000000000e+03
1.000000000000000000e+03
3.210000000000000000e+02
1.000000000000000000e+03
3.470000000000000000e+02
1.000000000000000000e+03
1.000000000000000000e+03
1.000000000000000000e+03
2.290000000000000000e+02
3.730000000000000000e+02
2.790000000000000000e+02
2.580000000000000000e+02
3.910000000000000000e+02
2.340000000000000000e+02
1.000000000000000000e+03
1.000000000000000000e+03
1.000000000000000000e+03
2.350000000000000000e+02
6.000000000000000000e+02
2.980000000000000000e+02
3.530000000000000000e+02
2.880000000000000000e+02
3.500000000000000000e+02
2.650000000000000000e+02
3.240000000000000000e+02
2.200000000000000000e+02
2.740000000000000000e+02
2.820000000000000000e+02
1.000000000000000000e+03
2.550000000000000000e+02
2.020000000000000000e+02
2.610000000000000000e+02
6.250000000000000000e+02
2.980000000000000000e+02
1.000000000000000000e+03
2.860000000000000000e+02
3.160000000000000000e+02
2.040000000000000000e+02
2.650000000000000000e+02
2.420000000000000000e+02
1.000000000000000000e+03
4.100000000000000000e+02
1.000000000000000000e+03
3.140000000000000000e+02
1.000000000000000000e+03
2.260000000000000000e+02
2.230000000000000000e+02
2.070000000000000000e+02
3.130000000000000000e+02
1.000000000000000000e+03
3.760000000000000000e+02
3.260000000000000000e+02
1.000000000000000000e+03
6.320000000000000000e+02
2.370000000000000000e+02
2.200000000000000000e+02
1.000000000000000000e+03
1.000000000000000000e+03
3.060000000000000000e+02
2.110000000000000000e+02
2.750000000000000000e+02
3.110000000000000000e+02
2.760000000000000000e+02
2.130000000000000000e+02
2.250000000000000000e+02
2.640000000000000000e+02
1.000000000000000000e+03
2.400000000000000000e+02
3.100000000000000000e+02
3.220000000000000000e+02
2.350000000000000000e+02
2.290000000000000000e+02
2.900000000000000000e+02
3.250000000000000000e+02
2.910000000000000000e+02
3.340000000000000000e+02
3.560000000000000000e+02
4.320000000000000000e+02
3.130000000000000000e+02
3.160000000000000000e+02
1.000000000000000000e+03
1.000000000000000000e+03
2.560000000000000000e+02
1.000000000000000000e+03
2.960000000000000000e+02
1.000000000000000000e+03
6.750000000000000000e+02
2.720000000000000000e+02
3.700000000000000000e+02
1.000000000000000000e+03
2.260000000000000000e+02
3.070000000000000000e+02
7.340000000000000000e+02
2.140000000000000000e+02
2.270000000000000000e+02
2.600000000000000000e+02
1.000000000000000000e+03
1.000000000000000000e+03
2.270000000000000000e+02
7.500000000000000000e+02
6.490000000000000000e+02
3.840000000000000000e+02
3.020000000000000000e+02
2.710000000000000000e+02
3.080000000000000000e+02
1.000000000000000000e+03
1.000000000000000000e+03
1.000000000000000000e+03
6.990000000000000000e+02
2.240000000000000000e+02
2.480000000000000000e+02
3.010000000000000000e+02
9.160000000000000000e+02
1.000000000000000000e+03
1.000000000000000000e+03
1.000000000000000000e+03
3.220000000000000000e+02
1.000000000000000000e+03
2.650000000000000000e+02
2.060000000000000000e+02
1.000000000000000000e+03
2.610000000000000000e+02
6.650000000000000000e+02
3.420000000000000000e+02
8.420000000000000000e+02
2.100000000000000000e+02
3.380000000000000000e+02
2.760000000000000000e+02
2.000000000000000000e+02
2.220000000000000000e+02
7.040000000000000000e+02
2.630000000000000000e+02
2.260000000000000000e+02
2.420000000000000000e+02
1.000000000000000000e+03
2.220000000000000000e+02
2.540000000000000000e+02
2.230000000000000000e+02
2.640000000000000000e+02
2.180000000000000000e+02
2.510000000000000000e+02
1.000000000000000000e+03
9.180000000000000000e+02
1.000000000000000000e+03
4.660000000000000000e+02
2.960000000000000000e+02
4.160000000000000000e+02
2.710000000000000000e+02
1.000000000000000000e+03
1.000000000000000000e+03
1.000000000000000000e+03
7.910000000000000000e+02
2.120000000000000000e+02
6.140000000000000000e+02
5.700000000000000000e+02
2.490000000000000000e+02
2.280000000000000000e+02
1.000000000000000000e+03
2.360000000000000000e+02
4.830000000000000000e+02
1.000000000000000000e+03
2.390000000000000000e+02
3.390000000000000000e+02
6.520000000000000000e+02
5.320000000000000000e+02
1.000000000000000000e+03
1.000000000000000000e+03
3.110000000000000000e+02
1.000000000000000000e+03
1.000000000000000000e+03
1.000000000000000000e+03
1.000000000000000000e+03
2.990000000000000000e+02
