6.380000000000002558e+01
-6.159999999999935483e+01
-1.299999999999997158e+01
3.810000000000006537e+01
4.720000000000000995e+01
-4.134999999999998721e+01
5.204999999999996163e+01
1.515000000000000213e+01
-3.999999999999872102e+00
-1.147499999999991758e+02
-2.124999999999983658e+01
7.320000000000000284e+01
-1.414999999999989200e+01
5.579999999999999716e+01
-3.884999999999978826e+01
7.150000000000012790e+00
-3.090000000000005542e+01
5.635000000000001563e+01
-4.909999999999973852e+01
-1.634999999999991616e+01
-8.999999999999893419e+00
-1.544999999999994600e+01
-3.029999999999981242e+01
6.670000000000000284e+01
5.699999999999997158e+01
-1.397500000000002842e+02
-7.269999999999907914e+01
-2.534500000000002728e+02
-5.544999999999942020e+01
5.519999999999998863e+01
7.195000000000001705e+01
6.720000000000001705e+01
3.825000000000001421e+01
4.764999999999997016e+01
5.274999999999995737e+01
3.150000000000019895e+00
-2.295499999999997840e+02
5.069999999999997442e+01
-1.156000000000000796e+02
-1.637999999999996703e+02
-1.749999999999987210e+01
2.959999999999998366e+01
-3.055000000000006111e+01
4.094999999999996732e+01
-3.995000000000002416e+01
-6.144999999999920703e+01
-5.115000000000000568e+01
-3.460000000000006537e+01
-2.089999999999999147e+01
-1.329999999999989058e+01
7.649999999999979039e+00
1.729999999999999005e+01
6.620000000000001705e+01
5.765000000000000568e+01
-5.544999999999946283e+01
-2.130499999999995850e+02
-4.444999999999939178e+01
-1.052999999999996987e+02
4.134999999999997300e+01
1.340000000000000213e+01
-3.064999999999983515e+01
7.245000000000000284e+01
5.550000000000000000e+01
-6.404999999999949978e+01
4.494999999999998153e+01
5.084999999999998721e+01
-2.894999999999944862e+01
-9.500000000000383693e-01
6.525000000000000000e+01
-3.699999999999931788e+00
-1.018499999999997385e+02
-9.155000000000042348e+01
5.510000000000000142e+01
5.959999999999997300e+01
-3.635000000000001563e+01
-1.313999999999992951e+02
7.000000000000170530e-01
3.139999999999997726e+01
4.599999999999998579e+01
7.530000000000001137e+01
8.285000000000000853e+01
4.925000000000004974e+01
-3.579999999999996163e+01
5.305000000000001847e+01
-2.325000000000001421e+02
-1.909999999999998010e+01
-1.109499999999999318e+02
-2.067500000000000000e+02
4.784999999999996589e+01
3.334999999999998721e+01
3.104999999999999716e+01
2.359999999999993747e+01
-2.010000000000003695e+01
-4.999999999999879208e+00
-2.313499999999999375e+02
-3.380000000000001705e+02
-9.619999999999964757e+01
5.695000000000000995e+01
5.020000000000000995e+01
-1.879999999999991189e+01
-2.994999999999998153e+01
5.440000000000003411e+01
3.930000000000001137e+01
-4.669999999999951967e+01
-1.029499999999999034e+02
-2.609999999999999076e+01
-1.051999999999995907e+02
-2.655000000000003411e+02
2.295000000000000639e+01
-6.234999999999936904e+01
3.689999999999995595e+01
-1.714999999999997726e+01
6.074999999999997868e+01
4.509999999999994458e+01
-3.774999999999989342e+01
6.825000000000000000e+01
4.714999999999994884e+01
4.719999999999998863e+01
-8.729999999999976978e+01
5.564999999999999147e+01
-1.018499999999996533e+02
-2.240000000000013642e+02
5.360000000000000142e+01
7.149999999999989697e+00
-2.528499999999999091e+02
-1.885000000000002274e+01
4.634999999999995879e+01
6.080000000000002558e+01
1.920000000000000284e+01
-1.040499999999995708e+02
-7.625000000000004263e+01
3.864999999999997726e+01
-5.200000000000050022e+02
1.644999999999994955e+01
6.995000000000001705e+01
-3.055500000000030241e+02
6.614999999999997726e+01
-7.519999999999903650e+01
1.219999999999998863e+01
-3.669999999999984652e+01
-4.464999999999987779e+01
1.289999999999994351e+01
-1.881500000000008015e+02
5.240000000000003411e+01
4.520000000000000995e+01
-7.124999999999964473e+01
-1.498999999999997783e+02
2.515000000000006253e+01
4.559999999999999432e+01
7.135000000000002274e+01
-1.197999999999997840e+02
-1.304999999999999005e+01
-1.294499999999999886e+02
-3.624999999999997158e+01
-9.072000000000065256e+02
-8.804999999999954241e+01
2.050000000000032685e+00
-1.607999999999989598e+02
2.144999999999997442e+01
6.529999999999999716e+01
-1.385000000000001563e+01
-5.569999999999997442e+01
2.150000000000076739e+00
-2.109000000000005457e+02
-2.799999999999972999e+01
-7.425000000000018474e+01
-5.484999999999999432e+01
-4.894999999999996021e+01
-6.060000000000001563e+01
3.324999999999997158e+01
-8.548499999999987722e+02
-9.479999999999968452e+01
-4.299999999999997158e+00
3.944999999999998153e+01
-5.779999999999994031e+01
3.084999999999998010e+01
5.855000000000001137e+01
6.700000000000029488e+00
-7.749999999999917577e+01
-6.199999999999953104e+00
-8.699999999999945999e+00
5.784999999999998010e+01
1.340000000000000391e+01
-2.385999999999999091e+02
-1.868999999999996362e+02
2.224999999999999289e+01
7.149999999999941735e+00
5.649999999999995737e+01
1.329999999999998117e+01
4.764999999999995595e+01
-5.454999999999978400e+01
-3.250000000000000000e+00
3.930000000000002558e+01
2.179999999999998295e+01
4.465000000000001279e+01
6.384999999999998721e+01
-3.604999999999986926e+01
1.579999999999994031e+01
-1.702000000000000171e+02
-5.189999999999972147e+01
3.955000000000006111e+01
-2.562000000000006708e+02
-1.070000000000000995e+01
-5.409999999999971010e+01
4.484999999999997300e+01
-4.355000000000001137e+01
-2.599999999999972999e+00
5.715000000000002700e+01
-9.294999999999932072e+01
4.890000000000002700e+01
5.739999999999998437e+01
5.550000000000000711e+01
-8.499999999999161560e-01
6.225000000000001421e+01
-2.717000000000004434e+02
-8.219999999999981810e+01
1.409999999999999787e+01
-9.799999999999960210e+01
2.279999999999998295e+01
-4.954999999999942872e+01
-1.964999999999999147e+01
2.315000000000001990e+01
1.360000000000004761e+01
-1.724999999999998579e+01
-2.111499999999997499e+02
-5.025000000000002132e+01
-3.659999999999993037e+01
4.349999999999988987e+00
-7.960000000000055707e+02
-7.869999999999987494e+01
-1.244000000000002046e+02
-6.499999999998422595e-01
3.219999999999993889e+01
-1.499000000000002331e+02
1.360000000000007603e+01
4.199999999999995737e+00
3.985000000000000853e+01
-2.800000000000025580e+00
3.100000000000004974e+01
-1.119999999999968310e+01
5.184999999999999432e+01
-2.294999999999996021e+01
-1.889999999999987068e+01
6.019999999999999574e+01
2.675000000000006750e+01
9.049999999999982947e+00
4.715000000000000568e+01
5.764999999999997726e+01
6.729999999999998295e+01
1.700000000000003197e+01
-1.168999999999998636e+02
3.295000000000003837e+01
1.784999999999999432e+01
3.349999999999997868e+01
1.894999999999998863e+01
-1.780000000000006111e+01
-5.684999999999979536e+01
9.950000000000104095e+00
3.414999999999995595e+01
5.689999999999999858e+01
-4.550000000000002842e+01
4.719999999999998863e+01
6.670000000000001705e+01
-4.184999999999990195e+01
-3.655000000000004690e+01
-1.142999999999996135e+02
-2.278500000000006764e+02
-2.009999999999978115e+01
4.299999999999997158e+01
-8.919999999999957652e+01
6.275000000000000711e+01
2.434999999999996234e+01
4.434999999999995168e+01
-4.779999999999989768e+01
-4.974999999999994316e+01
-3.249999999999985789e+00
6.670000000000001705e+01
3.714999999999997726e+01
-5.400000000000041211e+00
3.639999999999996305e+01
5.354999999999998295e+01
3.189999999999994884e+01
-4.754999999999986926e+01
-6.359999999999973852e+01
2.610000000000001208e+01
-9.669999999999966178e+01
-9.199999999999985789e+01
-2.239999999999999858e+01
5.300000000000004263e+00
2.004999999999999005e+01
2.824999999999998934e+01
3.914999999999996305e+01
-1.789999999999997726e+01
2.814999999999998437e+01
6.594999999999997442e+01
-3.789999999999977121e+01
-5.234999999999948272e+01
-7.805000000000018190e+01
-7.451000000000012733e+02
4.024999999999994316e+01
1.419999999999997975e+01
5.140000000000000568e+01
-7.259999999999972431e+01
4.999999999999715783e-01
6.999999999999976907e+00
-2.849999999999930367e+00
-2.465000000000001990e+01
2.609999999999999787e+01
-3.106999999999998749e+02
-7.569999999999980389e+01
-7.850000000000005684e+01
5.115000000000002700e+01
4.619999999999998153e+01
1.199999999999931788e+00
-7.989999999999957936e+01
-1.734999999999999432e+01
-1.496000000000001933e+02
2.460000000000001208e+01
-1.305999999999996533e+02
-4.249999999999992895e+00
5.599999999999978328e+00
1.235000000000000853e+01
4.659999999999998010e+01
7.599999999999999645e+00
-8.129999999999957083e+01
-8.034999999999983800e+01
3.499999999999872102e-01
-6.129999999999957794e+01
-4.904999999999974136e+01
-1.150000000000041211e+00
-1.167500000000004263e+02
-3.710000000000005116e+01
7.675000000000000000e+01
4.059999999999995879e+01
1.989999999999997016e+01
2.309999999999999787e+01
4.829999999999998295e+01
7.460000000000002274e+01
-2.006500000000002331e+02
7.450000000000006395e+00
-1.647499999999998295e+02
1.900000000000083844e+00
-4.180000000000004690e+01
3.584999999999996589e+01
-2.309999999999976694e+01
6.145000000000000995e+01
4.150000000000002132e+01
5.399999999999991473e+00
-4.454999999999969873e+01
-1.174499999999993634e+02
-1.564500000000008413e+02
5.844999999999997442e+01
-2.263500000000012164e+02
-5.029999999999999716e+01
4.835000000000001563e+01
-1.440000000000000568e+01
2.010000000000001918e+01
-8.259999999999993747e+01
-2.399999999999997158e+01
2.694999999999999218e+01
-1.191999999999995623e+02
-8.170000000000004547e+01
3.375000000000002132e+01
-5.114999999999990621e+01
-4.144999999999990337e+01
4.220000000000003126e+01
5.405000000000002558e+01
-2.159999999999996589e+01
1.389999999999998792e+01
2.879999999999997229e+01
-7.354999999999969873e+01
5.100000000000084910e+00
-5.450000000000029843e+01
-4.685000000000005116e+01
3.580000000000005400e+01
6.354999999999999716e+01
-2.065000000000005116e+02
5.400000000000000711e+01
-1.207499999999997726e+02
5.599999999999999289e+01
-7.150000000000062528e+00
5.214999999999997016e+01
-1.991000000000011880e+02
-2.089499999999991644e+02
-9.494999999999930651e+01
-1.618999999999999488e+02
-1.508499999999998806e+02
-2.319999999999966178e+01
-1.074499999999998181e+02
-1.013499999999997101e+02
2.680000000000001847e+01
2.170000000000008811e+01
-1.496499999999987836e+02
-2.104999999999987637e+01
-9.119999999999998863e+01
5.179999999999999005e+01
-7.614999999999902514e+01
-1.135500000000000398e+02
3.100000000000002487e+01
4.104999999999994742e+01
-4.749999999999948841e+01
-3.190000000000005187e+01
1.634999999999996945e+01
6.300000000000167688e+00
-6.059999999999931219e+01
4.604999999999996874e+01
2.460000000000002274e+01
-4.409999999999909903e+01
1.660000000000006537e+01
3.124999999999999645e+01
-4.204999999999967741e+01
4.074999999999999289e+01
-3.585000000000003695e+01
-1.635999999999995396e+02
-1.124500000000009550e+02
-9.299999999999762679e+00
-4.295000000000000284e+01
-7.070000000000010232e+01
-2.689999999999997016e+01
3.219999999999999574e+01
1.840000000000004832e+01
-3.280000000000007532e+01
-2.119999999999983231e+01
5.734999999999997300e+01
2.485000000000001918e+01
-6.284999999999989484e+01
-1.824000000000005173e+02
-4.739999999999957936e+01
-2.034500000000005002e+02
5.100000000000004263e+01
3.150000000000000355e+01
9.599999999999976552e+00
7.555000000000001137e+01
-5.300000000000046896e+00
6.945000000000000284e+01
1.984999999999995524e+01
-2.544999999999954099e+01
-2.294999999999988916e+01
-3.505000000000005400e+01
-3.124999999999994316e+01
-1.449000000000002899e+02
2.309999999999995524e+01
-2.894999999999994600e+01
4.925000000000000000e+01
2.600000000000136424e+00
7.539999999999997726e+01
5.734999999999996589e+01
-4.654999999999959925e+01
3.889999999999999858e+01
9.950000000000018829e+00
3.180000000000000071e+01
2.184999999999996589e+01
-9.364999999999993463e+01
-2.393999999999996646e+02
-2.158500000000004206e+02
1.179999999999997407e+01
-1.857499999999999716e+02
2.245000000000007390e+01
-4.145000000000000284e+01
6.925000000000002842e+01
-1.044499999999995197e+02
4.725000000000000000e+01
1.050000000000039790e+00
2.939999999999993463e+01
-5.065000000000013358e+01
-1.632500000000004547e+02
-4.964999999999987779e+01
-4.638000000000021146e+02
-7.461499999999997499e+02
5.409999999999998721e+01
3.384999999999999432e+01
-5.754999999999959925e+01
6.309999999999998721e+01
-7.174999999999991473e+01
-3.599999999999985789e+01
-5.594999999999993179e+01
7.299999999999997158e+00
5.134999999999997300e+01
5.414999999999999147e+01
5.779999999999998295e+01
-4.034999999999976694e+01
-1.200999999999998238e+02
6.525000000000002842e+01
7.250000000000015987e+00
3.514999999999994174e+01
6.244999999999996021e+01
4.664999999999999858e+01
-1.314999999999995595e+01
4.765000000000001990e+01
6.620000000000004547e+01
-7.140000000000000568e+01
-1.743499999999999943e+02
5.644999999999999574e+01
5.419999999999997442e+01
6.950000000000000000e+01
-1.189999999999999147e+01
-1.645500000000004377e+02
3.419999999999996732e+01
1.604999999999998650e+01
-2.053500000000011880e+02
-6.779999999999959925e+01
7.019999999999998863e+01
6.284999999999998010e+01
2.199999999999999645e+01
4.279999999999993321e+01
-1.129999999999994316e+02
-1.550499999999994714e+02
-1.415500000000000966e+02
1.420000000000013429e+01
-1.039999999999997584e+02
-4.909999999999962483e+01
4.749999999999997868e+01
3.054999999999997584e+01
-6.605000000000003979e+01
-1.132999999999996703e+02
-7.364999999999928093e+01
-3.314999999999975699e+01
3.089999999999997016e+01
-4.339999999999970726e+01
4.880000000000001137e+01
3.200000000000004974e+01
-1.999999999999971578e+00
1.195000000000012719e+01
3.545000000000000995e+01
-5.920000000000007390e+01
1.135000000000009912e+01
-1.255999999999999659e+02
-1.455999999999996248e+02
5.524999999999997158e+01
1.740000000000006253e+01
-5.579999999999992610e+01
-1.362499999999994316e+02
-5.009999999999996589e+01
-1.435000000000001563e+01
-2.196500000000002615e+02
-1.054999999999981242e+01
6.945000000000001705e+01
3.250000000000001421e+01
-1.785500000000002956e+02
-3.499999999999729994e-01
-4.414999999999980673e+01
5.655000000000001847e+01
5.809999999999999432e+01
5.264999999999999858e+01
-1.409999999999999076e+01
4.000000000000127898e-01
3.684999999999996589e+01
-7.779999999999976978e+01
-5.250000000000014211e+00
1.895000000000000284e+01
5.464999999999999858e+01
3.510000000000000853e+01
-1.539999999999997726e+01
-1.105000000000001847e+01
-3.499999999999843681e+00
7.729999999999999716e+01
4.840000000000000568e+01
2.769999999999997797e+01
3.425000000000000711e+01
-5.114999999999989200e+01
6.240000000000001990e+01
3.954999999999999005e+01
-8.204999999999978400e+01
2.555000000000003979e+01
7.029999999999998295e+01
-1.418999999999998636e+02
5.745000000000001705e+01
4.749999999999999289e+01
-1.101000000000000227e+02
5.144999999999996732e+01
-2.969999999999996376e+01
-2.509500000000008413e+02
3.450000000000017053e+00
-2.249999999999998579e+01
-5.754999999999952820e+01
-9.810000000000007958e+01
-1.914000000000010857e+02
-6.804999999999978400e+01
6.555000000000001137e+01
2.514999999999999858e+01
4.720000000000000284e+01
-2.280000000000005400e+01
6.165000000000001990e+01
8.180000000000001137e+01
6.839999999999997726e+01
3.130000000000010374e+01
-4.404999999999989768e+01
1.215000000000003055e+01
7.089999999999997726e+01
-2.950000000000003553e+01
-9.004999999999962768e+01
-1.544999999999998863e+01
-6.095000000000001705e+01
5.530000000000000426e+01
-1.423499999999993975e+02
-1.435000000000002807e+01
-2.860000000000004405e+01
-3.829999999999961346e+01
-1.941499999999998352e+02
2.295000000000001705e+01
-1.152000000000008981e+02
-7.974999999999943157e+01
-2.002999999999998693e+02
5.679999999999999005e+01
-2.780000000000008242e+01
-3.529999999999984794e+01
-8.199999999999985789e+01
5.329999999999995453e+01
5.009999999999999432e+01
-2.499999999999987921e+01
6.340000000000001279e+01
3.809999999999999432e+01
4.439999999999998437e+01
-1.830000000000001847e+01
-4.770000000000000284e+01
-5.698000000000040473e+02
-2.180999999999997385e+02
-4.684999999999995168e+01
-2.757000000000012960e+02
3.524999999999995737e+01
3.859999999999999432e+01
2.470000000000001705e+01
-8.599999999999984368e+01
-2.749999999999991473e+01
4.099999999999942801e+00
5.660000000000001563e+01
-1.934999999999974563e+01
-5.754999999999932925e+01
3.809999999999996589e+01
-4.515000000000001990e+01
-4.470500000000045588e+02
-2.872500000000005684e+02
3.800000000000000711e+01
-1.984999999999990905e+01
5.194999999999995310e+01
-2.372999999999993292e+02
4.049999999999998579e+01
6.680000000000001137e+01
-8.529999999999949978e+01
-1.570499999999996703e+02
-2.282999999999997556e+02
-4.649999999999828049e+00
4.595000000000001705e+01
2.189999999999999858e+01
-9.054999999999982663e+01
7.299999999999997158e+01
-2.049499999999995907e+02
4.049999999999998579e+01
-1.310999999999999659e+02
6.264999999999997016e+01
-7.069999999999976126e+01
3.525000000000000000e+01
5.024999999999997868e+01
7.285000000000000853e+01
-8.334999999999946851e+01
-1.995499999999994145e+02
-1.233000000000000398e+02
3.859999999999997300e+01
1.840000000000002700e+01
-3.190000000000004832e+01
8.850000000000001421e+00
5.254999999999997584e+01
4.634999999999995879e+01
-3.934999999999975984e+01
-4.158000000000037630e+02
-5.859999999999990905e+01
-9.950000000000021316e+01
-6.059999999999982379e+01
3.679999999999998295e+01
-7.384999999999988063e+01
-1.261999999999992781e+02
5.845000000000000995e+01
-4.044999999999959073e+01
3.680000000000003979e+01
6.470000000000001705e+01
2.000000000000000000e+00
2.269999999999998863e+01
-6.464999999999980673e+01
4.815000000000001990e+01
-2.479999999999994031e+01
7.350000000000000000e+01
-7.599999999999978684e+01
5.745000000000001705e+01
2.084999999999998366e+01
1.185000000000003340e+01
-1.470299999999993588e+03
7.804999999999998295e+01
-1.290000000000003411e+01
-5.239999999999977831e+01
3.435000000000001563e+01
-8.349999999999951683e+00
-7.794999999999966178e+01
-2.398000000000003809e+02
-7.059999999999972431e+01
2.585000000000002274e+01
5.400000000000495959e+00
3.095000000000002416e+01
-4.979999999999981242e+01
2.919999999999998508e+01
-3.264999999999990621e+01
6.730000000000001137e+01
3.150000000000005684e+00
5.630000000000000426e+01
2.249999999999996447e+01
-3.514999999999997016e+01
6.304999999999999716e+01
-2.599999999999997868e+01
5.225000000000000711e+01
5.000000000000001421e+01
1.300000000000004263e+00
5.329999999999999716e+01
-2.399999999999998579e+00
1.819999999999996021e+01
-7.489999999999953673e+01
4.024999999999997868e+01
5.649999999999943512e+00
2.289999999999998792e+01
-2.236000000000007049e+02
1.619999999999994600e+01
-7.459999999999941167e+01
-2.140999999999996817e+02
6.379999999999999005e+01
-2.995000000000002274e+02
5.589999999999998437e+01
8.499999999999943157e-01
-1.469999999999991047e+01
-2.295000000000004547e+01
5.214999999999999858e+01
-1.367500000000007958e+02
-6.074999999999960210e+01
4.605000000000001847e+01
2.880000000000002913e+01
-1.955000000000006111e+01
-2.010000000000006537e+02
3.519999999999998863e+01
3.249999999999998579e+01
2.654999999999999716e+01
1.269999999999996376e+01
-1.609499999999998749e+02
-4.784999999999961062e+01
-4.459999999999993747e+01
3.400000000000000000e+01
-2.480000000000003268e+01
-2.587499999999992042e+02
5.434999999999998721e+01
4.754999999999999716e+01
-1.660499999999995566e+02
4.724999999999998579e+01
-1.273499999999998238e+02
-1.815999999999994543e+02
-1.032999999999998408e+02
-1.293499999999998522e+02
-5.999999999999943157e-01
2.709999999999997655e+01
-7.099999999999923261e+00
3.859999999999997300e+01
-2.460000000000001705e+02
8.800000000000043343e+00
2.424999999999998224e+01
6.700000000000002842e+01
-3.869999999999980389e+01
-3.460000000000000853e+01
-4.944999999999996021e+01
2.584999999999998010e+01
-1.079999999999990479e+01
-1.451999999999993634e+02
-3.254999999999993321e+01
-3.909999999999996589e+01
-2.615000000000001990e+01
-4.644999999999983231e+01
-3.924999999999997158e+01
7.809999999999999432e+01
3.300000000000139266e+00
6.680000000000001137e+01
-1.131999999999998465e+02
-1.440000000000001279e+01
3.424999999999995737e+01
2.844999999999998153e+01
-5.800000000000046896e+00
-3.564999999999971436e+01
4.965000000000004121e+01
3.409999999999999432e+01
6.285000000000000142e+01
5.009999999999999432e+01
-1.503500000000000512e+02
5.465000000000001990e+01
-5.799999999999984368e+01
-5.684341886080801487e-14
-9.000000000000270006e-01
4.420000000000003126e+01
7.650000000000110489e+00
3.354999999999999716e+01
-2.722499999999999432e+02
-1.044499999999995339e+02
-1.322499999999993463e+02
3.995000000000000995e+01
1.419999999999997620e+01
6.555000000000001137e+01
-2.005499999999991871e+02
-1.000000000000014211e+00
-1.514999999999960778e+01
4.830000000000001847e+01
3.065000000000005187e+01
-2.799999999999947420e+00
5.139999999999999147e+01
5.354999999999999716e+01
-3.795000000000000284e+01
1.180000000000003268e+01
-6.034999999999972431e+01
1.249999999999978684e+00
-4.674999999999995737e+01
2.214999999999994884e+01
4.549999999999975842e+00
-6.384999999999982379e+01
-2.160500000000006651e+02
3.879999999999999716e+01
6.945000000000001705e+01
6.744999999999996021e+01
5.365000000000000568e+01
-6.739999999999960778e+01
4.870000000000000995e+01
-7.044999999999976126e+01
-1.449999999999910472e+00
-1.125999999999993832e+02
-5.000000000000000711e+01
6.450000000000000000e+01
-1.669999999999991758e+01
-1.934499999999995055e+02
-4.737000000000055024e+02
6.099999999999957012e+00
1.189999999999997016e+01
3.539999999999994174e+01
-1.289999999999994316e+02
-2.109999999999993747e+01
-2.880000000000014211e+02
-4.174999999999995737e+01
5.900000000000019895e+00
2.394999999999997087e+01
9.000000000000021316e+00
-5.369999999999993179e+01
5.650000000000003553e+01
-1.525499999999994998e+02
-2.013500000000006480e+02
2.134999999999998010e+01
5.945000000000002416e+01
-3.754999999999931504e+01
1.189999999999998082e+01
-1.840000000000000568e+01
2.809999999999997300e+01
-2.130000000000003268e+01
5.474999999999999289e+01
-5.700000000000017053e+00
4.934999999999999432e+01
3.469999999999994600e+01
5.155000000000001847e+01
8.049999999999997158e+00
5.279999999999999005e+01
6.725000000000000000e+01
2.334999999999998010e+01
-2.974999999999985079e+01
-4.200000000000031264e+00
2.500000000000213163e-01
5.330000000000001137e+01
-5.585000000000009379e+01
5.760000000000000142e+01
7.045000000000001705e+01
5.289999999999999147e+01
-2.567000000000003865e+02
-2.665000000000007674e+01
-1.288999999999998352e+02
8.550000000000055778e+00
-6.560000000000000853e+01
4.924999999999997868e+01
6.695000000000000284e+01
6.050000000000000000e+01
2.079999999999999361e+01
-3.447499999999998295e+02
-2.115000000000001990e+01
3.935000000000003695e+01
-6.229999999999921556e+01
-4.795000000000004547e+01
4.539999999999997016e+01
2.634999999999997300e+01
-2.229999999999978400e+01
-1.983999999999996078e+02
1.654999999999999005e+01
2.325000000000000355e+01
3.369999999999996021e+01
1.199999999999974420e+00
2.409999999999999432e+01
4.185000000000004405e+01
7.160000000000000853e+01
4.119999999999999574e+01
-1.411500000000001478e+02
4.079999999999999005e+01
2.764999999999999147e+01
2.805000000000000426e+01
8.009999999999999432e+01
5.930000000000000426e+01
-6.300000000000039790e+00
1.649999999999970157e+00
5.224999999999999289e+01
3.299999999999950973e+00
3.550000000000000000e+01
-1.530000000000004690e+01
4.365000000000000568e+01
3.899999999999963052e+00
-2.454999999999989058e+01
-2.250499999999997840e+02
1.675000000000001421e+01
-1.519999999999988916e+01
2.554999999999995453e+01
-1.951000000000004491e+02
-2.629999999999937188e+01
3.715000000000001990e+01
-2.644999999999998863e+01
1.370000000000000284e+01
4.610000000000003695e+01
-7.134999999999965326e+01
-6.704999999999930083e+01
6.285000000000000853e+01
5.960000000000000142e+01
1.940000000000000568e+01
-7.354999999999951399e+01
-1.688000000000006935e+02
4.524999999999998579e+01
-9.444999999999981810e+01
-2.164999999999982805e+01
4.765000000000000568e+01
3.664999999999997016e+01
4.204999999999996874e+01
-4.200000000000031264e+00
-5.153000000000070031e+02
-4.824999999999977263e+01
-3.922500000000031264e+02
-9.144999999999980389e+01
5.104999999999999005e+01
7.290000000000003411e+01
3.789999999999997726e+01
-9.164999999999967883e+01
-7.974999999999990052e+01
-1.804500000000000455e+02
-2.698000000000012619e+02
3.234999999999998721e+01
-1.079000000000004036e+02
3.879999999999997584e+01
6.304999999999998295e+01
-8.949999999999924682e+00
3.369999999999994600e+01
-4.509999999999952536e+01
-1.499999999998209432e-01
-1.492999999999989882e+02
7.709999999999999432e+01
4.609999999999998010e+01
3.634999999999995168e+01
4.454999999999999716e+01
5.485000000000000142e+01
-2.814999999999987779e+01
-7.799999999999940314e+00
2.835000000000000853e+01
3.339999999999998437e+01
-2.121499999999997215e+02
4.339999999999999858e+01
5.424999999999997158e+01
6.975000000000001421e+01
6.139999999999998437e+01
7.110000000000002274e+01
2.485000000000005826e+01
-9.460000000000019327e+01
-1.360500000000005798e+02
-1.094499999999993634e+02
3.999999999999997158e+01
5.229999999999999716e+01
-6.149999999999998579e+01
2.974999999999998579e+01
-1.394999999999995168e+02
-7.199999999999957367e+01
1.450000000000000178e+01
-1.154500000000002728e+02
5.759999999999996589e+01
-7.429999999999947136e+01
-4.164999999999975699e+01
4.410000000000002274e+01
6.095000000000002416e+01
-2.414999999999987779e+01
6.294999999999998863e+01
1.615000000000014069e+01
-4.819999999999990337e+01
2.454999999999995453e+01
5.140000000000003411e+01
-3.404999999999971294e+01
-2.223499999999992838e+02
-1.534000000000002046e+02
-1.847999999999998977e+02
4.195000000000002416e+01
-4.504999999999997584e+01
-2.061000000000007049e+02
-1.207000000000003013e+02
-1.390499999999996419e+02
1.495000000000000284e+01
