4.559999999999995168e+01
6.999999999999673150e-01
4.184999999999995168e+01
-1.762000000000001592e+02
5.185000000000000142e+01
-1.845000000000000284e+01
3.220000000000002416e+01
6.029999999999998295e+01
-4.084999999999983800e+01
4.614999999999999858e+01
5.875000000000000000e+01
-1.761500000000007731e+02
-2.149999999999976552e+01
6.130000000000000426e+01
3.534999999999995168e+01
-2.410500000000015177e+02
-3.395000000000005969e+01
2.455000000000000782e+01
3.025000000000000711e+01
5.199999999999999289e+00
6.039999999999997016e+01
4.899999999999920419e+00
3.524999999999995737e+01
-5.499999999999786837e+00
-2.524000000000005741e+02
-1.949999999999931788e+00
4.109999999999995879e+01
-2.097999999999991871e+02
-1.716499999999997499e+02
-3.164999999999987068e+01
-2.384000000000001194e+02
6.429999999999996874e+01
4.379999999999999005e+01
5.814999999999996305e+01
6.170000000000002416e+01
-5.874999999999978684e+01
5.474999999999999289e+01
5.974999999999998579e+01
-6.094999999999994600e+01
-1.846500000000000341e+02
4.559999999999999432e+01
-1.411499999999992951e+02
6.515000000000003411e+01
1.300000000000004263e+00
2.329999999999995453e+01
-3.259999999999964615e+01
4.744999999999997442e+01
6.105000000000001137e+01
-8.084999999999976694e+01
2.619999999999995310e+01
1.225000000000004619e+01
-6.751000000000050250e+02
-1.239500000000004718e+02
7.504999999999998295e+01
5.500000000000255795e-01
6.100000000000022737e+00
3.059999999999996589e+01
7.590000000000000568e+01
-6.384500000000025466e+02
1.260000000000004228e+01
6.625000000000000000e+01
6.720000000000000284e+01
-1.994500000000000739e+02
5.420000000000000284e+01
-5.744999999999929230e+01
3.585000000000015774e+01
1.845000000000007390e+01
6.780000000000001137e+01
-5.274999999999955946e+01
-2.483999999999998067e+02
9.500000000000033751e+00
-4.564999999999946567e+01
6.945000000000001705e+01
7.720000000000001705e+01
6.314999999999998437e+01
4.204999999999993321e+01
6.475000000000000000e+01
2.969999999999998153e+01
4.934999999999996589e+01
3.050000000000089528e+00
5.804999999999999005e+01
4.620000000000000995e+01
-2.072000000000002728e+02
-9.800000000000023803e+00
4.484999999999996589e+01
4.414999999999997016e+01
-2.043000000000000966e+02
3.885000000000000142e+01
-5.059999999999973852e+01
-2.332999999999998693e+02
5.510000000000001563e+01
-1.869500000000005571e+02
5.490000000000001279e+01
5.505000000000001847e+01
6.849999999999998579e+01
7.004999999999999716e+01
-3.614000000000002615e+02
5.005000000000001847e+01
4.300000000000003553e+01
-1.750000000000028422e+00
-4.499999999999990052e+01
-2.628500000000005343e+02
5.689999999999999147e+01
4.670000000000010232e+01
3.945000000000002416e+01
2.950000000000002132e+01
3.959999999999998721e+01
-3.539999999999984936e+01
4.319999999999998153e+01
3.514999999999995595e+01
-2.071499999999999204e+02
3.929999999999997584e+01
2.500000000000002487e+01
-1.444999999999974705e+01
-3.539999999999975699e+01
3.520000000000000995e+01
-2.451000000000006196e+02
6.654999999999998295e+01
6.000000000000000000e+01
3.545000000000000995e+01
5.409999999999996589e+01
-1.193499999999996817e+02
-1.061000000000001080e+02
1.500000000000014211e+00
2.130000000000001847e+01
3.725000000000000711e+01
5.304999999999998295e+01
3.984999999999999432e+01
8.519999999999997442e+01
3.359999999999999432e+01
3.095000000000012363e+01
-1.825000000000000284e+02
-1.335499999999994429e+02
5.954999999999999716e+01
1.999999999999997868e+01
7.009999999999999432e+01
4.440000000000001279e+01
-9.849999999999948841e+01
-3.314999999999960778e+01
6.484999999999999432e+01
1.375000000000000711e+01
6.825000000000002842e+01
-1.533999999999998636e+02
3.979999999999996874e+01
6.610000000000002274e+01
5.190000000000001279e+01
1.980000000000000071e+01
-4.174999999999980105e+01
4.914999999999999858e+01
5.999999999999999289e+01
1.250000000000085265e+00
6.470000000000001705e+01
-1.474999999999993179e+02
6.270000000000000284e+01
-5.329999999999982663e+01
3.114999999999997726e+01
4.504999999999994031e+01
-1.804999999999982663e+01
7.515000000000000568e+01
-2.568000000000012051e+02
-2.502000000000011255e+02
4.905000000000001847e+01
2.820000000000000284e+01
-1.127000000000006139e+02
-5.534999999999946851e+01
-1.150000000000012790e+00
-2.619999999999984652e+01
6.444999999999998863e+01
-4.999999999999573674e-01
4.850000000000000000e+01
7.464999999999994884e+01
6.499999999999997158e+01
4.799999999999968736e+00
1.235000000000002451e+01
-5.544999999999943441e+01
5.880000000000001847e+01
6.949999999999998579e+01
2.019999999999999929e+01
3.339999999999999147e+01
-2.240999999999997954e+02
6.490000000000000568e+01
5.270000000000000284e+01
-8.615000000000003411e+01
5.834999999999998010e+01
7.030000000000001137e+01
-4.205000000000002558e+01
-2.931499999999999773e+02
4.504999999999996874e+01
5.260000000000004405e+01
3.470000000000000995e+01
-1.529999999999953531e+01
-5.949999999999974420e+00
5.530000000000001847e+01
6.300000000000000000e+01
5.695000000000000995e+01
2.789999999999998437e+01
-1.004999999999998153e+02
5.055000000000002558e+01
-1.994999999999983942e+01
3.959999999999999432e+01
6.744999999999998863e+01
5.274999999999997868e+01
3.209999999999993747e+01
2.810000000000002274e+01
3.319999999999991047e+01
-1.765499999999995850e+02
7.600000000000045830e+00
-1.650000000000005684e+00
7.015000000000000568e+01
-3.011500000000005457e+02
7.495000000000001705e+01
4.825000000000000711e+01
6.980000000000001137e+01
6.175000000000000000e+01
5.125000000000002132e+01
5.259999999999999432e+01
1.890000000000015845e+01
-2.048500000000003070e+02
-2.386000000000012449e+02
6.975000000000001421e+01
4.199999999999988631e+00
-8.004999999999962768e+01
4.350000000000001421e+01
4.779999999999998295e+01
6.034999999999999432e+01
6.129999999999998295e+01
-8.309999999999968168e+01
5.950000000000000000e+01
7.515000000000000568e+01
5.805000000000000426e+01
-2.063000000000000398e+02
-2.149999999999995026e+01
6.299999999999999289e+01
-4.389999999999941593e+01
-1.045499999999991161e+02
-7.894999999999964757e+01
5.575000000000000000e+01
2.980000000000001492e+01
5.795000000000000284e+01
5.225000000000001421e+01
-3.263000000000022283e+02
1.295000000000000284e+01
-1.681000000000001364e+02
-8.049999999999890576e+00
4.769999999999998863e+01
6.005000000000000426e+01
3.700000000000001421e+01
2.629999999999996163e+01
6.505000000000001137e+01
2.949999999999994316e+01
7.014999999999997726e+01
-1.928000000000011767e+02
-2.614499999999995907e+02
6.410000000000003695e+01
6.554999999999998295e+01
-2.371000000000010459e+02
5.449999999999999289e+01
9.900000000000245493e+00
-3.509999999999958931e+01
2.450000000000144951e+00
7.294999999999997442e+01
-9.399999999999997158e+01
-3.043500000000018986e+02
6.339999999999999858e+01
6.500000000000341061e-01
-5.574999999999964473e+01
2.379999999999997584e+01
-5.174999999999945999e+01
2.565000000000012292e+01
5.350000000000000000e+01
-2.792500000000010232e+02
-5.259999999999979536e+01
-4.170000000000000284e+01
6.059999999999998721e+01
2.639999999999999858e+01
5.849999999999999289e+01
2.670000000000001350e+01
3.125000000000001066e+01
4.774999999999994316e+01
2.859999999999991260e+01
-2.099999999999326405e+00
4.180000000000008953e+01
-5.460000000000006537e+01
6.344999999999997442e+01
-3.379999999999920846e+01
5.705000000000001847e+01
5.389999999999997016e+01
4.114999999999995595e+01
1.454999999999995275e+01
3.214999999999994884e+01
2.249999999999998579e+01
-2.498500000000010743e+02
-1.076000000000002501e+02
-3.999999999999253930e+00
-6.590000000000009095e+01
3.769999999999994600e+01
-2.198000000000010061e+02
6.969999999999998863e+01
4.370000000000000995e+01
4.289999999999999147e+01
6.174999999999998579e+01
-6.999999999999729994e+00
5.525000000000001421e+01
3.614999999999997016e+01
-3.199999999999825206e+00
4.455000000000006111e+01
5.180000000000002558e+01
4.309999999999998721e+01
-1.939999999999990337e+02
6.710000000000002274e+01
-2.181500000000031321e+02
6.470000000000000284e+01
5.465000000000000568e+01
3.725000000000000711e+01
-1.044499999999995055e+02
4.880000000000000426e+01
2.984999999999994102e+01
5.310000000000000853e+01
5.494999999999997442e+01
-8.919999999999983231e+01
4.734999999999999432e+01
7.065000000000000568e+01
-3.049000000000027057e+02
-2.600500000000015461e+02
4.445000000000003837e+01
-3.174999999999987210e+01
-8.090000000000006253e+01
6.544999999999998863e+01
6.494999999999998863e+01
-8.819500000000095952e+02
5.125000000000000711e+01
5.164999999999995595e+01
-8.950000000000011369e+01
-2.620000000000003126e+01
6.255000000000001137e+01
-1.002499999999996163e+02
8.950000000000228439e+00
6.145000000000000995e+01
3.764999999999999858e+01
-2.469999999999987494e+01
-2.896500000000004320e+02
6.739999999999997726e+01
2.309999999999999787e+01
4.769999999999996732e+01
-3.584999999999988773e+01
-2.079000000000000625e+02
-2.239499999999994770e+02
4.875000000000002132e+01
3.134999999999995879e+01
6.285000000000000853e+01
1.150000000000119371e+00
-9.469999999999971863e+01
4.774999999999992895e+01
1.024999999999994849e+01
-7.869999999999969020e+01
-2.955000000000002203e+01
6.490000000000000568e+01
8.000000000000019540e+00
-4.439999999999925251e+01
-1.264999999999962199e+01
7.034999999999999432e+01
5.454999999999999005e+01
2.644999999999998508e+01
5.149999999999999289e+01
4.159999999999997300e+01
4.565000000000001279e+01
-5.894999999999976126e+01
6.325000000000002132e+01
4.455000000000001137e+01
5.880000000000001847e+01
5.514999999999998437e+01
1.445000000000005436e+01
-1.969500000000004718e+02
5.544999999999997442e+01
-6.659999999999982379e+01
4.890000000000001990e+01
6.714999999999997726e+01
1.744999999999999574e+01
-5.330000000000002558e+01
3.374999999999998579e+01
2.300000000000160583e+00
-1.630499999999998977e+02
4.879999999999999005e+01
-1.672999999999992440e+02
-1.214999999999964331e+01
5.625000000000000711e+01
8.260000000000000853e+01
-4.284999999999939746e+01
5.264999999999994884e+01
-5.095000000000000284e+01
4.365000000000000568e+01
-2.088499999999998806e+02
5.754999999999997584e+01
-1.955999999999998522e+02
4.519999999999998153e+01
-2.309999999999954667e+01
7.800000000000000711e+00
1.969999999999995310e+01
6.040000000000003411e+01
-5.810000000000000142e+01
-3.849999999999781153e+00
-8.749999999999975842e+01
5.404999999999999716e+01
2.405000000000000426e+01
4.434999999999995168e+01
-1.786999999999991076e+02
-3.884999999999998721e+01
1.675000000000026290e+01
6.139999999999999147e+01
5.439999999999998437e+01
-2.105499999999993861e+02
-2.269000000000005457e+02
7.489999999999999147e+01
-3.060000000000007958e+01
-1.882500000000010232e+02
-6.179999999999990479e+01
6.520000000000001705e+01
6.570000000000001705e+01
-8.709999999999951115e+01
4.704999999999996874e+01
1.614999999999994529e+01
2.900000000000076739e+00
5.475000000000000000e+01
5.259999999999998721e+01
-8.879999999999996874e+01
6.999999999999997158e+01
5.089999999999998437e+01
1.690000000000028635e+01
1.210000000000001030e+01
-1.596999999999993918e+02
-1.994499999999994202e+02
-7.079999999999985505e+01
7.715000000000000568e+01
6.354999999999994742e+01
6.955000000000001137e+01
-3.164999999999952252e+01
-1.120000000000003837e+01
6.789999999999999147e+01
8.650000000000069633e+00
-2.217000000000009834e+02
7.184999999999999432e+01
4.644999999999995310e+01
5.284999999999997300e+01
1.245000000000022133e+01
4.499999999999996447e+01
6.004999999999999005e+01
4.379999999999997584e+01
-6.819999999999959073e+01
6.470000000000001705e+01
-2.937500000000000568e+02
-6.189999999999925251e+01
-1.619999999999962625e+01
-8.100000000000012790e+01
4.869999999999999574e+01
5.479999999999998295e+01
2.614999999999996305e+01
2.320000000000001350e+01
-8.389999999999989200e+01
5.660000000000000142e+01
5.490000000000000568e+01
-2.569999999999990905e+02
-2.869999999999980389e+01
4.924999999999997868e+01
4.399999999999994316e+01
5.330000000000000426e+01
3.090000000000003411e+01
-1.421999999999999602e+02
7.979999999999998295e+01
-2.432000000000014950e+02
3.930000000000003979e+01
-2.159999999999977405e+01
5.285000000000002984e+01
4.039999999999999858e+01
4.100000000000173728e+00
5.444999999999998863e+01
-1.625000000000005116e+02
5.075000000000002132e+01
8.004999999999999716e+01
-1.384800000000001319e+03
6.514999999999999147e+01
3.355000000000003268e+01
-4.164500000000009550e+02
1.149999999999963052e+00
6.740000000000001990e+01
6.500000000000000000e+01
-2.384999999999999432e+02
-5.145000000000000995e+01
4.085000000000003695e+01
4.859999999999993037e+01
5.955000000000000426e+01
3.960000000000000142e+01
-5.654999999999961346e+01
-4.659999999999998010e+01
4.924999999999999289e+01
-2.040999999999999091e+02
3.604999999999998295e+01
-1.610000000000004405e+01
4.095000000000000284e+01
5.329999999999999005e+01
5.075000000000000000e+01
-8.499999999999955946e+01
-9.599999999999923261e+00
-2.913500000000021828e+02
-2.025500000000005514e+02
-1.516999999999997897e+02
3.734999999999999432e+01
3.904999999999997584e+01
5.020000000000001705e+01
2.200000000000000711e+01
5.989999999999999858e+01
4.995000000000001705e+01
-2.226500000000005457e+02
-3.199999999999882050e+00
-6.979999999999949978e+01
4.330000000000000426e+01
1.260000000000000497e+01
5.700000000000000000e+01
3.354999999999999005e+01
-2.604500000000006139e+02
-1.654499999999995623e+02
-5.949999999999995737e+00
3.200000000000000000e+01
-1.869500000000000739e+02
-1.664999999999998010e+02
6.545000000000001705e+01
-4.349999999999961631e+01
5.504999999999998295e+01
8.010000000000002274e+01
-7.654999999999996874e+01
5.819999999999999574e+01
-1.311500000000007731e+02
-9.364999999999943725e+01
6.200000000000002132e+01
-1.791500000000011994e+02
-2.060500000000001251e+02
-1.789999999999960067e+01
2.069999999999995666e+01
6.985000000000002274e+01
3.485000000000000853e+01
5.470000000000001705e+01
1.285000000000004228e+01
-1.939999999999979252e+01
-1.360999999999999659e+02
-1.548999999999998920e+02
6.960000000000000853e+01
2.180000000000006111e+01
-6.336000000000042292e+02
4.265000000000001279e+01
4.734999999999998721e+01
6.430000000000001137e+01
-1.884499999999996191e+02
4.069999999999994600e+01
-3.700000000000000711e+01
4.239999999999998437e+01
3.280000000000013216e+01
-9.249999999999987566e+00
3.570000000000001705e+01
2.764999999999999858e+01
-2.960000000000002984e+01
1.270000000000023022e+01
3.779999999999999005e+01
6.880000000000001137e+01
-1.722000000000000455e+02
-3.969999999999915730e+01
-2.008500000000008754e+02
-2.078000000000010630e+02
-1.276500000000002899e+02
3.030000000000000426e+01
-1.535000000000005684e+02
6.125000000000001421e+01
5.054999999999998295e+01
5.620000000000001705e+01
1.904999999999997584e+01
-3.954999999999959925e+01
4.184999999999997300e+01
2.745000000000009877e+01
5.115000000000005542e+01
4.525000000000004974e+01
3.314999999999999858e+01
-9.550000000000075318e+00
-1.524999999999990052e+01
-1.159500000000005286e+02
8.205000000000001137e+01
-6.319999999999960494e+01
-1.789999999999961489e+01
-6.144999999999954809e+01
-1.966500000000012278e+02
5.709999999999995168e+01
-3.835000000000025722e+01
4.689999999999998437e+01
3.505000000000006821e+01
-5.294999999999996732e+01
6.279999999999997584e+01
-2.145000000000000995e+01
5.085000000000000142e+01
-1.008000000000001819e+02
3.555000000000001137e+01
-4.039999999999981384e+01
-2.056000000000009322e+02
-2.362000000000015518e+02
5.940000000000001279e+01
3.969999999999993179e+01
6.950000000000000000e+01
-6.549999999999918998e+00
-1.797499999999999147e+02
8.399999999999995026e+00
-1.185000000000001137e+02
-3.664999999999987068e+01
-5.079999999999972715e+01
-1.404999999999989058e+01
2.559999999999998721e+01
4.014999999999999858e+01
4.979999999999998295e+01
-2.834999999999950404e+01
-2.396500000000009720e+02
4.314999999999997726e+01
-4.958000000000033083e+02
-4.774999999999971578e+01
3.864999999999999858e+01
5.880000000000001847e+01
5.304999999999998295e+01
-2.237500000000007674e+02
1.314999999999998082e+01
7.014999999999999147e+01
-8.749999999999934630e+01
-2.733500000000000227e+02
-7.250000000000021316e+00
5.024999999999996447e+01
-1.781999999999996191e+02
5.859999999999998721e+01
-3.031500000000007731e+02
5.024999999999999289e+01
5.984999999999998010e+01
5.564999999999999147e+01
-3.714999999999934488e+01
5.314999999999997726e+01
4.424999999999998579e+01
-5.319999999999966178e+01
-1.170000000000008811e+01
-1.849999999999996447e+01
-2.364000000000000625e+02
-2.639999999999972147e+01
5.434999999999998010e+01
-2.006500000000001762e+02
4.634999999999996589e+01
2.950000000000006395e+01
4.495000000000000284e+01
1.714999999999999503e+01
-1.482999999999993577e+02
-5.014999999999932356e+01
6.580000000000001137e+01
6.950000000000216005e+00
4.309999999999996589e+01
-1.209999999999979536e+01
4.640000000000001279e+01
3.750000000000004263e+01
6.490000000000000568e+01
6.974999999999997158e+01
-7.014999999999956515e+01
3.329999999999999716e+01
5.869999999999998863e+01
5.015000000000005542e+01
-1.098999999999997783e+02
5.514999999999999858e+01
-6.784999999999936904e+01
-1.963500000000010175e+02
-4.534999999999955378e+01
6.749999999999997158e+01
-2.691000000000001364e+02
5.069999999999998863e+01
7.060000000000002274e+01
-3.679999999999953531e+01
-1.065000000000000142e+02
5.990000000000001279e+01
-1.647999999999993861e+02
3.549999999999998579e+01
6.734999999999996589e+01
8.020000000000001705e+01
-1.688500000000003922e+02
7.685000000000002274e+01
8.499999999999445777e-01
4.734999999999995879e+01
5.209999999999998010e+01
7.454999999999998295e+01
6.140000000000001279e+01
6.149999999999987921e+00
4.804999999999992610e+01
5.255000000000000426e+01
1.385000000000019682e+01
-5.794999999999961915e+01
-8.689999999999974989e+01
6.999999999999998579e+01
4.220000000000000284e+01
5.415000000000000568e+01
4.540000000000001279e+01
-6.692000000000075488e+02
-1.295000000000004547e+01
3.765000000000001279e+01
-2.446000000000002785e+02
4.535000000000007958e+01
-2.699999999999978684e+01
4.939999999999999858e+01
5.039999999999999858e+01
-7.189999999999939462e+01
8.400000000000034106e+00
4.369999999999997442e+01
3.149999999999998579e+01
-1.105499999999995566e+02
-3.359999999999968878e+01
-7.105000000000035243e+01
6.474999999999997158e+01
5.489999999999999147e+01
5.285000000000000853e+01
3.965000000000000568e+01
4.635000000000010800e+01
5.169999999999999574e+01
-1.271999999999999886e+02
5.619999999999996732e+01
1.404999999999998295e+01
3.290000000000000568e+01
-2.410000000000011369e+02
6.509999999999999432e+01
-2.294999999999996732e+01
6.504999999999998295e+01
7.499999999999573674e-01
-5.884999999999990905e+01
-1.157500000000000284e+02
4.464999999999995595e+01
-3.825000000000002132e+01
-1.261249999999997272e+03
-3.054999999999958504e+01
3.775000000000000711e+01
4.615000000000001279e+01
6.995000000000001705e+01
5.680000000000000426e+01
-4.164999999999971436e+01
6.994999999999998863e+01
-8.084999999999939746e+01
-1.349999999999983658e+01
-3.294999999999971863e+01
1.550000000000217426e+00
2.345000000000001705e+01
6.659999999999999432e+01
-3.224999999999991473e+01
-5.444999999999973284e+01
4.614999999999999858e+01
-3.758000000000011482e+02
6.370000000000001705e+01
2.495000000000001705e+01
5.935000000000000142e+01
6.105000000000001137e+01
5.524999999999999289e+01
1.340000000000014424e+01
-1.035499999999999403e+02
4.154999999999999005e+01
4.690000000000006963e+01
-1.610000000000005400e+02
2.720000000000001705e+01
5.480000000000000426e+01
4.905000000000001137e+01
2.944999999999994600e+01
-1.595000000000001705e+01
-1.935499999999999829e+02
6.644999999999998863e+01
3.189999999999997726e+01
5.515000000000002700e+01
4.299999999999999289e+01
-4.015000000000004832e+01
2.434999999999999432e+01
-1.850000000000006821e+02
5.969999999999998153e+01
6.265000000000000568e+01
-2.022499999999997158e+02
5.049999999999997868e+01
-2.990000000000009663e+02
-7.239999999999960778e+01
-8.381500000000089585e+02
-1.543500000000001080e+02
3.325000000000001421e+01
6.580000000000001137e+01
-2.244000000000009720e+02
4.169999999999996021e+01
-1.045999999999997954e+02
3.395000000000000284e+01
-6.292000000000032287e+02
2.394999999999999574e+01
5.964999999999999147e+01
1.755000000000010019e+01
7.304999999999998295e+01
5.495000000000001705e+01
-3.339999999999962910e+01
-3.975000000000002842e+01
3.370000000000000284e+01
-1.659000000000000341e+02
4.970000000000000284e+01
6.659999999999999432e+01
-8.664999999999974989e+01
-1.864999999999979963e+01
3.689999999999992042e+01
1.225000000000006928e+01
1.684999999999997300e+01
4.269999999999998153e+01
6.105000000000001847e+01
6.670000000000001705e+01
6.020000000000001705e+01
5.535000000000000142e+01
-1.171500000000010289e+02
9.799999999999968736e+00
-2.047000000000003013e+02
6.469999999999997442e+01
-1.853499999999997954e+02
5.249999999999999289e+01
5.850000000000000711e+01
-1.446000000000003638e+02
-2.069999999999974705e+01
1.319999999999997087e+01
5.895000000000000284e+01
1.190000000000001279e+01
6.150000000000003553e+01
4.185000000000002984e+01
-1.991000000000005059e+02
7.840000000000000568e+01
5.029999999999999716e+01
1.600000000000143530e+00
6.005000000000001137e+01
5.750000000000074607e+00
-1.937000000000001023e+02
2.820000000000000284e+01
7.499999999999997158e+01
-2.365999999999999943e+02
2.515000000000000213e+01
6.214999999999999147e+01
-1.110500000000000114e+02
6.950000000000000000e+01
-5.309999999999951115e+01
-2.419999999999988916e+01
5.829999999999999005e+01
7.470000000000001705e+01
-6.364999999999966462e+01
4.434999999999998010e+01
-2.398500000000005912e+02
7.510000000000000853e+01
-1.971000000000004775e+02
4.600000000000072475e+00
4.459999999999993747e+01
-3.899999999999946709e+01
-1.864500000000019782e+02
5.559999999999999432e+01
-1.397500000000002842e+02
5.979999999999998295e+01
3.935000000000000853e+01
6.954999999999998295e+01
-2.102999999999998977e+02
5.010000000000001563e+01
-1.400000000000001990e+02
7.670000000000001705e+01
4.865000000000001990e+01
2.484999999999997655e+01
6.790000000000000568e+01
6.299999999999997868e+01
1.959999999999997655e+01
6.890000000000003411e+01
1.604999999999990479e+01
-7.664999999999984936e+01
5.594999999999997442e+01
-6.119000000000023647e+02
-1.279999999999979821e+01
2.384999999999994813e+01
4.810000000000001563e+01
1.570000000000002416e+01
-1.208850000000000136e+03
3.135000000000013287e+01
3.784999999999998010e+01
6.300000000000000000e+01
5.030000000000002558e+01
4.759999999999998010e+01
1.050000000000032685e+00
-1.732500000000004547e+02
4.034999999999998010e+01
4.455000000000003268e+01
4.785000000000000142e+01
1.115000000000003411e+01
-1.752000000000010687e+02
-1.785000000000001421e+02
-3.909999999999963904e+01
6.750000000000000000e+01
-1.421499999999992667e+02
6.904999999999998295e+01
1.910000000000004405e+01
1.885000000000000142e+01
-3.543000000000028535e+02
5.564999999999999858e+01
-3.049999999999972289e+01
4.384999999999996589e+01
4.905000000000000426e+01
5.979999999999997584e+01
4.599999999999999289e+01
-2.396000000000013301e+02
6.484999999999999432e+01
5.845000000000000995e+01
-1.844999999999960494e+01
7.500000000000001421e+01
-2.371000000000004775e+02
1.935000000000001918e+01
-1.690500000000002387e+02
6.529999999999998295e+01
5.314999999999997726e+01
6.510000000000002274e+01
3.344999999999996021e+01
-3.709999999999982379e+01
5.080000000000000426e+01
-1.127999999999996703e+02
2.355000000000004690e+01
6.325000000000002132e+01
4.750000000000002132e+01
-1.107500000000000000e+02
7.354999999999998295e+01
6.160000000000002984e+01
-1.779499999999999034e+02
-9.765000000000031832e+01
7.559999999999996589e+01
-1.068500000000008470e+02
5.920000000000001705e+01
6.729999999999999716e+01
-1.304000000000004604e+02
2.435000000000000853e+01
4.084999999999997300e+01
6.299999999999998934e+00
3.590000000000003411e+01
-1.401999999999997044e+02
-5.509999999999968168e+01
-5.934999999999996589e+01
-1.311500000000004889e+02
9.350000000000155964e+00
-1.948500000000006196e+02
3.014999999999993463e+01
-1.530499999999999261e+02
3.174999999999996803e+01
-9.544999999999926388e+01
-4.519999999999993179e+01
-5.430000000000022737e+02
-7.929999999999976978e+01
6.489999999999997726e+01
4.169999999999996732e+01
3.785000000000007248e+01
1.999999999999673150e-01
7.150000000000000000e+01
5.569999999999998153e+01
3.624999999999995026e+01
4.945000000000000284e+01
4.539999999999998437e+01
7.190000000000000568e+01
-2.381000000000009891e+02
-2.183000000000002387e+02
5.105000000000003979e+01
3.310000000000000853e+01
-4.051000000000008754e+02
6.199999999999997868e+01
4.400000000000000711e+01
-1.245000000000005258e+01
6.735000000000000853e+01
-9.685000000000101750e+01
-5.279999999999967031e+01
5.239999999999999147e+01
6.014999999999999858e+01
-2.104999999999940741e+01
-7.694000000000005457e+02
-5.470000000000003126e+01
-1.464999999999974989e+01
6.790000000000000568e+01
-8.790000000000028990e+01
-8.004999999999989768e+01
6.570000000000003126e+01
7.840000000000000568e+01
-4.550000000000004263e+00
-1.855499999999989882e+02
5.375000000000000000e+01
2.185000000000000853e+01
3.685000000000002274e+01
4.909999999999998010e+01
1.575000000000031797e+01
5.664999999999997016e+01
6.019999999999999574e+01
-4.049999999999791100e+00
4.665000000000000568e+01
2.835000000000000142e+01
4.759999999999998010e+01
4.540000000000000568e+01
4.784999999999996589e+01
7.125000000000000000e+01
-2.279999999999955662e+01
-2.293499999999999943e+02
-2.010000000000006537e+02
6.760000000000002274e+01
4.679999999999999005e+01
-2.390000000000003411e+01
-2.067499999999999147e+02
6.434999999999999432e+01
2.110000000000000853e+01
-2.544999999999951257e+01
