3.190000000000000000e+02
3.460000000000000000e+02
3.400000000000000000e+02
1.000000000000000000e+03
2.140000000000000000e+02
1.000000000000000000e+03
2.630000000000000000e+02
2.320000000000000000e+02
5.230000000000000000e+02
2.640000000000000000e+02
2.420000000000000000e+02
1.000000000000000000e+03
6.540000000000000000e+02
2.520000000000000000e+02
3.110000000000000000e+02
1.000000000000000000e+03
1.000000000000000000e+03
2.230000000000000000e+02
2.420000000000000000e+02
3.150000000000000000e+02
2.700000000000000000e+02
6.120000000000000000e+02
2.710000000000000000e+02
4.980000000000000000e+02
1.000000000000000000e+03
3.180000000000000000e+02
2.900000000000000000e+02
1.000000000000000000e+03
1.000000000000000000e+03
3.000000000000000000e+02
1.000000000000000000e+03
2.790000000000000000e+02
2.350000000000000000e+02
2.790000000000000000e+02
2.340000000000000000e+02
4.840000000000000000e+02
2.270000000000000000e+02
2.180000000000000000e+02
4.630000000000000000e+02
1.000000000000000000e+03
3.040000000000000000e+02
1.000000000000000000e+03
2.310000000000000000e+02
4.570000000000000000e+02
3.550000000000000000e+02
6.620000000000000000e+02
3.410000000000000000e+02
2.510000000000000000e+02
5.540000000000000000e+02
3.910000000000000000e+02
3.120000000000000000e+02
1.000000000000000000e+03
1.000000000000000000e+03
1.980000000000000000e+02
4.770000000000000000e+02
2.890000000000000000e+02
3.420000000000000000e+02
2.430000000000000000e+02
1.000000000000000000e+03
3.470000000000000000e+02
2.050000000000000000e+02
2.660000000000000000e+02
1.000000000000000000e+03
2.260000000000000000e+02
7.090000000000000000e+02
2.540000000000000000e+02
3.340000000000000000e+02
2.310000000000000000e+02
4.830000000000000000e+02
8.050000000000000000e+02
2.800000000000000000e+02
6.790000000000000000e+02
2.380000000000000000e+02
2.120000000000000000e+02
2.510000000000000000e+02
3.450000000000000000e+02
1.990000000000000000e+02
2.800000000000000000e+02
2.840000000000000000e+02
4.430000000000000000e+02
2.260000000000000000e+02
1.780000000000000000e+02
1.000000000000000000e+03
1.000000000000000000e+03
2.820000000000000000e+02
3.080000000000000000e+02
1.000000000000000000e+03
2.360000000000000000e+02
5.090000000000000000e+02
1.000000000000000000e+03
2.080000000000000000e+02
1.000000000000000000e+03
2.040000000000000000e+02
2.200000000000000000e+02
2.490000000000000000e+02
2.280000000000000000e+02
1.000000000000000000e+03
2.180000000000000000e+02
2.500000000000000000e+02
3.410000000000000000e+02
1.000000000000000000e+03
1.000000000000000000e+03
3.590000000000000000e+02
2.810000000000000000e+02
3.000000000000000000e+02
2.600000000000000000e+02
2.750000000000000000e+02
6.810000000000000000e+02
2.860000000000000000e+02
2.700000000000000000e+02
1.000000000000000000e+03
2.510000000000000000e+02
1.000000000000000000e+03
5.770000000000000000e+02
6.230000000000000000e+02
2.250000000000000000e+02
1.000000000000000000e+03
1.910000000000000000e+02
2.070000000000000000e+02
4.680000000000000000e+02
2.620000000000000000e+02
1.000000000000000000e+03
7.480000000000000000e+02
2.800000000000000000e+02
2.660000000000000000e+02
2.680000000000000000e+02
2.500000000000000000e+02
2.820000000000000000e+02
2.030000000000000000e+02
2.320000000000000000e+02
3.050000000000000000e+02
1.000000000000000000e+03
5.350000000000000000e+02
2.050000000000000000e+02
3.740000000000000000e+02
2.200000000000000000e+02
2.580000000000000000e+02
6.390000000000000000e+02
5.210000000000000000e+02
2.150000000000000000e+02
3.000000000000000000e+02
2.440000000000000000e+02
2.900000000000000000e+02
2.890000000000000000e+02
3.360000000000000000e+02
2.370000000000000000e+02
2.880000000000000000e+02
3.100000000000000000e+02
2.510000000000000000e+02
2.240000000000000000e+02
5.250000000000000000e+02
2.460000000000000000e+02
6.350000000000000000e+02
2.270000000000000000e+02
6.940000000000000000e+02
3.120000000000000000e+02
2.780000000000000000e+02
5.060000000000000000e+02
2.060000000000000000e+02
1.000000000000000000e+03
1.000000000000000000e+03
3.040000000000000000e+02
3.890000000000000000e+02
8.780000000000000000e+02
5.270000000000000000e+02
4.470000000000000000e+02
3.160000000000000000e+02
2.420000000000000000e+02
2.350000000000000000e+02
2.650000000000000000e+02
2.220000000000000000e+02
2.110000000000000000e+02
2.950000000000000000e+02
3.400000000000000000e+02
7.370000000000000000e+02
2.590000000000000000e+02
2.090000000000000000e+02
2.640000000000000000e+02
2.420000000000000000e+02
1.000000000000000000e+03
2.180000000000000000e+02
2.610000000000000000e+02
8.330000000000000000e+02
2.460000000000000000e+02
2.230000000000000000e+02
1.000000000000000000e+03
1.000000000000000000e+03
2.370000000000000000e+02
4.310000000000000000e+02
2.870000000000000000e+02
3.450000000000000000e+02
2.530000000000000000e+02
2.270000000000000000e+02
1.760000000000000000e+02
2.540000000000000000e+02
3.090000000000000000e+02
5.870000000000000000e+02
2.790000000000000000e+02
4.620000000000000000e+02
2.520000000000000000e+02
2.440000000000000000e+02
2.570000000000000000e+02
2.520000000000000000e+02
3.010000000000000000e+02
3.490000000000000000e+02
1.000000000000000000e+03
2.460000000000000000e+02
2.630000000000000000e+02
2.630000000000000000e+02
8.040000000000000000e+02
2.620000000000000000e+02
2.260000000000000000e+02
2.020000000000000000e+02
2.630000000000000000e+02
3.200000000000000000e+02
2.290000000000000000e+02
2.770000000000000000e+02
1.000000000000000000e+03
1.000000000000000000e+03
2.480000000000000000e+02
3.260000000000000000e+02
8.260000000000000000e+02
2.420000000000000000e+02
3.890000000000000000e+02
2.970000000000000000e+02
2.600000000000000000e+02
5.670000000000000000e+02
2.050000000000000000e+02
2.030000000000000000e+02
2.030000000000000000e+02
1.000000000000000000e+03
5.880000000000000000e+02
3.200000000000000000e+02
7.090000000000000000e+02
1.000000000000000000e+03
5.710000000000000000e+02
1.990000000000000000e+02
2.590000000000000000e+02
2.570000000000000000e+02
2.160000000000000000e+02
1.000000000000000000e+03
2.880000000000000000e+02
1.000000000000000000e+03
3.590000000000000000e+02
2.710000000000000000e+02
2.000000000000000000e+02
2.350000000000000000e+02
4.330000000000000000e+02
2.500000000000000000e+02
2.930000000000000000e+02
2.250000000000000000e+02
1.000000000000000000e+03
1.000000000000000000e+03
2.780000000000000000e+02
2.080000000000000000e+02
1.000000000000000000e+03
2.560000000000000000e+02
4.660000000000000000e+02
5.450000000000000000e+02
4.450000000000000000e+02
2.220000000000000000e+02
5.540000000000000000e+02
1.000000000000000000e+03
2.700000000000000000e+02
5.250000000000000000e+02
6.670000000000000000e+02
3.130000000000000000e+02
7.840000000000000000e+02
3.950000000000000000e+02
2.830000000000000000e+02
1.000000000000000000e+03
6.770000000000000000e+02
3.460000000000000000e+02
2.800000000000000000e+02
2.680000000000000000e+02
2.670000000000000000e+02
3.130000000000000000e+02
2.330000000000000000e+02
2.630000000000000000e+02
3.300000000000000000e+02
6.220000000000000000e+02
3.430000000000000000e+02
5.190000000000000000e+02
2.510000000000000000e+02
6.040000000000000000e+02
2.540000000000000000e+02
2.640000000000000000e+02
2.720000000000000000e+02
3.360000000000000000e+02
3.450000000000000000e+02
2.690000000000000000e+02
1.000000000000000000e+03
7.360000000000000000e+02
7.210000000000000000e+02
6.370000000000000000e+02
2.600000000000000000e+02
1.000000000000000000e+03
1.950000000000000000e+02
2.050000000000000000e+02
2.540000000000000000e+02
2.550000000000000000e+02
6.500000000000000000e+02
2.070000000000000000e+02
3.050000000000000000e+02
4.690000000000000000e+02
2.490000000000000000e+02
2.490000000000000000e+02
3.810000000000000000e+02
1.000000000000000000e+03
2.350000000000000000e+02
9.650000000000000000e+02
2.230000000000000000e+02
2.500000000000000000e+02
2.330000000000000000e+02
8.880000000000000000e+02
2.300000000000000000e+02
2.670000000000000000e+02
2.060000000000000000e+02
2.860000000000000000e+02
5.690000000000000000e+02
2.660000000000000000e+02
2.460000000000000000e+02
1.000000000000000000e+03
1.000000000000000000e+03
2.360000000000000000e+02
6.690000000000000000e+02
2.900000000000000000e+02
2.850000000000000000e+02
2.610000000000000000e+02
1.000000000000000000e+03
3.370000000000000000e+02
2.600000000000000000e+02
1.000000000000000000e+03
4.890000000000000000e+02
2.630000000000000000e+02
4.810000000000000000e+02
4.350000000000000000e+02
2.510000000000000000e+02
3.630000000000000000e+02
4.500000000000000000e+02
1.000000000000000000e+03
2.250000000000000000e+02
3.180000000000000000e+02
3.110000000000000000e+02
5.070000000000000000e+02
1.000000000000000000e+03
6.610000000000000000e+02
2.370000000000000000e+02
3.930000000000000000e+02
2.140000000000000000e+02
5.130000000000000000e+02
5.800000000000000000e+02
3.070000000000000000e+02
3.080000000000000000e+02
6.570000000000000000e+02
1.000000000000000000e+03
2.260000000000000000e+02
2.350000000000000000e+02
7.390000000000000000e+02
7.010000000000000000e+02
2.470000000000000000e+02
2.340000000000000000e+02
3.680000000000000000e+02
2.740000000000000000e+02
3.630000000000000000e+02
2.640000000000000000e+02
8.780000000000000000e+02
2.580000000000000000e+02
2.340000000000000000e+02
2.360000000000000000e+02
2.700000000000000000e+02
2.390000000000000000e+02
1.000000000000000000e+03
2.670000000000000000e+02
4.990000000000000000e+02
2.680000000000000000e+02
2.500000000000000000e+02
1.000000000000000000e+03
1.000000000000000000e+03
3.560000000000000000e+02
3.760000000000000000e+02
1.000000000000000000e+03
3.430000000000000000e+02
1.000000000000000000e+03
5.190000000000000000e+02
2.260000000000000000e+02
1.760000000000000000e+02
6.350000000000000000e+02
2.490000000000000000e+02
4.960000000000000000e+02
2.740000000000000000e+02
1.000000000000000000e+03
2.050000000000000000e+02
1.000000000000000000e+03
2.220000000000000000e+02
4.940000000000000000e+02
3.120000000000000000e+02
4.280000000000000000e+02
2.870000000000000000e+02
1.000000000000000000e+03
3.180000000000000000e+02
5.830000000000000000e+02
2.510000000000000000e+02
2.260000000000000000e+02
2.730000000000000000e+02
1.000000000000000000e+03
1.000000000000000000e+03
5.240000000000000000e+02
2.670000000000000000e+02
2.790000000000000000e+02
1.000000000000000000e+03
1.000000000000000000e+03
2.110000000000000000e+02
4.010000000000000000e+02
1.000000000000000000e+03
1.000000000000000000e+03
2.240000000000000000e+02
2.350000000000000000e+02
7.300000000000000000e+02
2.840000000000000000e+02
2.670000000000000000e+02
4.400000000000000000e+02
2.490000000000000000e+02
1.780000000000000000e+02
8.600000000000000000e+02
2.140000000000000000e+02
2.570000000000000000e+02
4.300000000000000000e+02
3.140000000000000000e+02
7.980000000000000000e+02
1.000000000000000000e+03
6.770000000000000000e+02
2.170000000000000000e+02
2.240000000000000000e+02
2.230000000000000000e+02
5.870000000000000000e+02
3.060000000000000000e+02
2.740000000000000000e+02
3.990000000000000000e+02
1.000000000000000000e+03
2.160000000000000000e+02
2.370000000000000000e+02
3.220000000000000000e+02
6.540000000000000000e+02
2.610000000000000000e+02
2.150000000000000000e+02
2.820000000000000000e+02
4.630000000000000000e+02
2.290000000000000000e+02
1.000000000000000000e+03
8.530000000000000000e+02
6.450000000000000000e+02
9.650000000000000000e+02
2.070000000000000000e+02
2.890000000000000000e+02
3.180000000000000000e+02
3.890000000000000000e+02
7.500000000000000000e+02
2.430000000000000000e+02
2.370000000000000000e+02
1.000000000000000000e+03
6.220000000000000000e+02
3.600000000000000000e+02
5.000000000000000000e+02
3.170000000000000000e+02
2.780000000000000000e+02
9.480000000000000000e+02
2.170000000000000000e+02
1.000000000000000000e+03
2.280000000000000000e+02
6.400000000000000000e+02
2.470000000000000000e+02
2.480000000000000000e+02
6.410000000000000000e+02
2.150000000000000000e+02
1.000000000000000000e+03
2.860000000000000000e+02
2.020000000000000000e+02
1.000000000000000000e+03
2.560000000000000000e+02
2.250000000000000000e+02
1.000000000000000000e+03
3.340000000000000000e+02
3.080000000000000000e+02
2.320000000000000000e+02
1.000000000000000000e+03
1.000000000000000000e+03
2.280000000000000000e+02
3.150000000000000000e+02
2.520000000000000000e+02
2.860000000000000000e+02
5.390000000000000000e+02
1.000000000000000000e+03
2.580000000000000000e+02
1.000000000000000000e+03
2.770000000000000000e+02
4.000000000000000000e+02
2.560000000000000000e+02
2.530000000000000000e+02
1.980000000000000000e+02
6.550000000000000000e+02
4.650000000000000000e+02
1.000000000000000000e+03
9.520000000000000000e+02
4.730000000000000000e+02
3.560000000000000000e+02
2.930000000000000000e+02
2.520000000000000000e+02
4.040000000000000000e+02
2.280000000000000000e+02
2.580000000000000000e+02
1.000000000000000000e+03
6.400000000000000000e+02
7.260000000000000000e+02
2.260000000000000000e+02
2.720000000000000000e+02
2.480000000000000000e+02
3.060000000000000000e+02
1.000000000000000000e+03
5.720000000000000000e+02
3.710000000000000000e+02
2.060000000000000000e+02
1.000000000000000000e+03
1.000000000000000000e+03
2.360000000000000000e+02
6.400000000000000000e+02
2.550000000000000000e+02
2.350000000000000000e+02
1.000000000000000000e+03
2.350000000000000000e+02
8.070000000000000000e+02
1.000000000000000000e+03
2.270000000000000000e+02
9.910000000000000000e+02
1.000000000000000000e+03
5.050000000000000000e+02
3.540000000000000000e+02
2.310000000000000000e+02
2.460000000000000000e+02
2.330000000000000000e+02
3.390000000000000000e+02
3.580000000000000000e+02
1.000000000000000000e+03
1.000000000000000000e+03
2.390000000000000000e+02
3.060000000000000000e+02
1.000000000000000000e+03
3.170000000000000000e+02
2.250000000000000000e+02
2.150000000000000000e+02
1.000000000000000000e+03
2.980000000000000000e+02
1.000000000000000000e+03
2.710000000000000000e+02
3.290000000000000000e+02
1.000000000000000000e+03
3.150000000000000000e+02
3.120000000000000000e+02
1.000000000000000000e+03
6.010000000000000000e+02
2.810000000000000000e+02
2.460000000000000000e+02
1.000000000000000000e+03
7.290000000000000000e+02
1.000000000000000000e+03
1.000000000000000000e+03
8.460000000000000000e+02
3.140000000000000000e+02
1.000000000000000000e+03
3.220000000000000000e+02
2.520000000000000000e+02
2.550000000000000000e+02
3.160000000000000000e+02
5.200000000000000000e+02
2.780000000000000000e+02
4.710000000000000000e+02
2.280000000000000000e+02
2.830000000000000000e+02
3.180000000000000000e+02
3.760000000000000000e+02
4.900000000000000000e+02
1.000000000000000000e+03
2.640000000000000000e+02
5.350000000000000000e+02
4.790000000000000000e+02
8.480000000000000000e+02
1.000000000000000000e+03
2.540000000000000000e+02
4.810000000000000000e+02
2.500000000000000000e+02
2.080000000000000000e+02
1.000000000000000000e+03
2.310000000000000000e+02
1.000000000000000000e+03
2.840000000000000000e+02
7.240000000000000000e+02
3.310000000000000000e+02
5.180000000000000000e+02
1.000000000000000000e+03
1.000000000000000000e+03
2.500000000000000000e+02
4.090000000000000000e+02
2.500000000000000000e+02
3.630000000000000000e+02
1.000000000000000000e+03
2.730000000000000000e+02
8.820000000000000000e+02
6.160000000000000000e+02
4.870000000000000000e+02
4.550000000000000000e+02
3.170000000000000000e+02
2.410000000000000000e+02
2.510000000000000000e+02
7.120000000000000000e+02
1.000000000000000000e+03
2.510000000000000000e+02
1.000000000000000000e+03
5.250000000000000000e+02
2.420000000000000000e+02
2.670000000000000000e+02
2.160000000000000000e+02
1.000000000000000000e+03
3.000000000000000000e+02
2.480000000000000000e+02
6.270000000000000000e+02
1.000000000000000000e+03
6.120000000000000000e+02
2.950000000000000000e+02
1.000000000000000000e+03
2.620000000000000000e+02
1.000000000000000000e+03
2.280000000000000000e+02
2.050000000000000000e+02
2.490000000000000000e+02
6.800000000000000000e+02
3.150000000000000000e+02
2.640000000000000000e+02
6.610000000000000000e+02
4.190000000000000000e+02
1.000000000000000000e+03
1.000000000000000000e+03
8.460000000000000000e+02
2.390000000000000000e+02
1.000000000000000000e+03
3.640000000000000000e+02
2.670000000000000000e+02
2.650000000000000000e+02
3.530000000000000000e+02
1.000000000000000000e+03
7.090000000000000000e+02
2.510000000000000000e+02
5.290000000000000000e+02
2.590000000000000000e+02
5.170000000000000000e+02
2.450000000000000000e+02
3.180000000000000000e+02
2.160000000000000000e+02
2.050000000000000000e+02
7.350000000000000000e+02
2.560000000000000000e+02
2.050000000000000000e+02
4.450000000000000000e+02
1.000000000000000000e+03
2.500000000000000000e+02
7.750000000000000000e+02
1.000000000000000000e+03
4.880000000000000000e+02
2.280000000000000000e+02
1.000000000000000000e+03
2.440000000000000000e+02
2.330000000000000000e+02
6.730000000000000000e+02
1.000000000000000000e+03
2.310000000000000000e+02
1.000000000000000000e+03
2.530000000000000000e+02
2.340000000000000000e+02
1.950000000000000000e+02
1.000000000000000000e+03
2.520000000000000000e+02
2.920000000000000000e+02
2.440000000000000000e+02
2.670000000000000000e+02
2.200000000000000000e+02
2.370000000000000000e+02
3.110000000000000000e+02
3.150000000000000000e+02
3.080000000000000000e+02
3.800000000000000000e+02
4.670000000000000000e+02
1.000000000000000000e+03
2.170000000000000000e+02
2.980000000000000000e+02
2.280000000000000000e+02
2.270000000000000000e+02
1.000000000000000000e+03
2.860000000000000000e+02
2.760000000000000000e+02
1.000000000000000000e+03
2.910000000000000000e+02
5.180000000000000000e+02
2.970000000000000000e+02
2.360000000000000000e+02
9.210000000000000000e+02
1.000000000000000000e+03
2.320000000000000000e+02
2.440000000000000000e+02
5.340000000000000000e+02
5.060000000000000000e+02
7.880000000000000000e+02
2.240000000000000000e+02
2.860000000000000000e+02
1.810000000000000000e+02
2.250000000000000000e+02
2.980000000000000000e+02
2.690000000000000000e+02
5.020000000000000000e+02
2.410000000000000000e+02
2.360000000000000000e+02
2.320000000000000000e+02
1.000000000000000000e+03
1.920000000000000000e+02
5.000000000000000000e+02
2.120000000000000000e+02
3.650000000000000000e+02
3.940000000000000000e+02
8.570000000000000000e+02
3.110000000000000000e+02
2.860000000000000000e+02
1.000000000000000000e+03
5.100000000000000000e+02
3.750000000000000000e+02
2.390000000000000000e+02
2.320000000000000000e+02
2.280000000000000000e+02
5.100000000000000000e+02
1.930000000000000000e+02
1.000000000000000000e+03
6.590000000000000000e+02
6.870000000000000000e+02
4.810000000000000000e+02
2.770000000000000000e+02
2.600000000000000000e+02
5.020000000000000000e+02
6.510000000000000000e+02
2.050000000000000000e+02
5.460000000000000000e+02
2.300000000000000000e+02
3.010000000000000000e+02
2.430000000000000000e+02
2.560000000000000000e+02
2.480000000000000000e+02
4.520000000000000000e+02
3.800000000000000000e+02
2.980000000000000000e+02
2.730000000000000000e+02
1.000000000000000000e+03
3.200000000000000000e+02
2.330000000000000000e+02
2.750000000000000000e+02
2.830000000000000000e+02
3.220000000000000000e+02
1.000000000000000000e+03
2.260000000000000000e+02
2.820000000000000000e+02
2.740000000000000000e+02
2.960000000000000000e+02
3.950000000000000000e+02
4.130000000000000000e+02
1.000000000000000000e+03
2.160000000000000000e+02
2.750000000000000000e+02
1.000000000000000000e+03
2.390000000000000000e+02
1.000000000000000000e+03
7.180000000000000000e+02
1.000000000000000000e+03
1.000000000000000000e+03
2.620000000000000000e+02
2.080000000000000000e+02
1.000000000000000000e+03
3.410000000000000000e+02
1.000000000000000000e+03
2.540000000000000000e+02
1.000000000000000000e+03
2.880000000000000000e+02
2.650000000000000000e+02
3.390000000000000000e+02
2.600000000000000000e+02
2.320000000000000000e+02
4.470000000000000000e+02
5.660000000000000000e+02
2.360000000000000000e+02
1.000000000000000000e+03
2.400000000000000000e+02
2.380000000000000000e+02
1.000000000000000000e+03
4.950000000000000000e+02
2.800000000000000000e+02
4.840000000000000000e+02
2.560000000000000000e+02
3.100000000000000000e+02
2.630000000000000000e+02
2.530000000000000000e+02
2.610000000000000000e+02
1.970000000000000000e+02
8.600000000000000000e+02
2.800000000000000000e+02
1.000000000000000000e+03
1.970000000000000000e+02
1.000000000000000000e+03
2.320000000000000000e+02
2.000000000000000000e+02
1.000000000000000000e+03
6.440000000000000000e+02
2.260000000000000000e+02
2.150000000000000000e+02
4.180000000000000000e+02
2.720000000000000000e+02
2.170000000000000000e+02
1.000000000000000000e+03
2.410000000000000000e+02
2.870000000000000000e+02
4.730000000000000000e+02
2.370000000000000000e+02
4.540000000000000000e+02
1.000000000000000000e+03
2.850000000000000000e+02
1.980000000000000000e+02
1.000000000000000000e+03
2.770000000000000000e+02
2.400000000000000000e+02
1.000000000000000000e+03
2.540000000000000000e+02
7.790000000000000000e+02
5.010000000000000000e+02
2.500000000000000000e+02
2.100000000000000000e+02
4.550000000000000000e+02
2.460000000000000000e+02
1.000000000000000000e+03
2.000000000000000000e+02
1.000000000000000000e+03
4.900000000000000000e+02
2.750000000000000000e+02
7.260000000000000000e+02
1.000000000000000000e+03
2.450000000000000000e+02
1.000000000000000000e+03
3.010000000000000000e+02
2.790000000000000000e+02
2.200000000000000000e+02
1.000000000000000000e+03
2.730000000000000000e+02
8.370000000000000000e+02
2.400000000000000000e+02
2.130000000000000000e+02
2.950000000000000000e+02
1.730000000000000000e+02
2.230000000000000000e+02
3.620000000000000000e+02
2.390000000000000000e+02
4.680000000000000000e+02
5.130000000000000000e+02
2.510000000000000000e+02
4.920000000000000000e+02
5.420000000000000000e+02
2.460000000000000000e+02
2.250000000000000000e+02
3.140000000000000000e+02
1.000000000000000000e+03
3.210000000000000000e+02
2.820000000000000000e+02
2.450000000000000000e+02
2.680000000000000000e+02
2.600000000000000000e+02
5.150000000000000000e+02
1.000000000000000000e+03
3.150000000000000000e+02
2.370000000000000000e+02
2.480000000000000000e+02
3.030000000000000000e+02
1.000000000000000000e+03
1.000000000000000000e+03
6.890000000000000000e+02
2.040000000000000000e+02
1.000000000000000000e+03
1.720000000000000000e+02
4.840000000000000000e+02
3.410000000000000000e+02
1.000000000000000000e+03
2.230000000000000000e+02
4.770000000000000000e+02
3.230000000000000000e+02
2.230000000000000000e+02
2.050000000000000000e+02
3.080000000000000000e+02
1.000000000000000000e+03
2.360000000000000000e+02
2.560000000000000000e+02
6.530000000000000000e+02
2.300000000000000000e+02
1.000000000000000000e+03
5.090000000000000000e+02
8.270000000000000000e+02
2.160000000000000000e+02
2.560000000000000000e+02
2.430000000000000000e+02
2.700000000000000000e+02
4.800000000000000000e+02
2.630000000000000000e+02
1.000000000000000000e+03
3.230000000000000000e+02
2.940000000000000000e+02
2.950000000000000000e+02
1.000000000000000000e+03
2.500000000000000000e+02
2.210000000000000000e+02
1.000000000000000000e+03
6.930000000000000000e+02
1.970000000000000000e+02
8.300000000000000000e+02
2.390000000000000000e+02
2.580000000000000000e+02
8.650000000000000000e+02
2.940000000000000000e+02
2.680000000000000000e+02
4.020000000000000000e+02
2.810000000000000000e+02
1.000000000000000000e+03
6.820000000000000000e+02
5.200000000000000000e+02
8.080000000000000000e+02
3.190000000000000000e+02
1.000000000000000000e+03
2.710000000000000000e+02
1.000000000000000000e+03
2.820000000000000000e+02
7.960000000000000000e+02
1.000000000000000000e+03
5.480000000000000000e+02
6.090000000000000000e+02
2.050000000000000000e+02
2.620000000000000000e+02
3.220000000000000000e+02
3.400000000000000000e+02
2.490000000000000000e+02
2.720000000000000000e+02
4.200000000000000000e+02
2.570000000000000000e+02
2.470000000000000000e+02
2.290000000000000000e+02
1.000000000000000000e+03
1.000000000000000000e+03
2.420000000000000000e+02
2.840000000000000000e+02
1.000000000000000000e+03
3.250000000000000000e+02
2.610000000000000000e+02
1.000000000000000000e+03
1.820000000000000000e+02
8.200000000000000000e+02
4.600000000000000000e+02
2.190000000000000000e+02
2.410000000000000000e+02
7.260000000000000000e+02
1.000000000000000000e+03
5.280000000000000000e+02
6.240000000000000000e+02
2.440000000000000000e+02
8.510000000000000000e+02
7.260000000000000000e+02
2.440000000000000000e+02
2.360000000000000000e+02
4.790000000000000000e+02
7.910000000000000000e+02
2.590000000000000000e+02
3.060000000000000000e+02
2.960000000000000000e+02
3.640000000000000000e+02
5.010000000000000000e+02
2.600000000000000000e+02
1.960000000000000000e+02
6.400000000000000000e+02
2.610000000000000000e+02
2.780000000000000000e+02
3.120000000000000000e+02
2.710000000000000000e+02
2.840000000000000000e+02
2.570000000000000000e+02
4.890000000000000000e+02
1.000000000000000000e+03
1.000000000000000000e+03
2.520000000000000000e+02
2.220000000000000000e+02
3.100000000000000000e+02
1.000000000000000000e+03
2.170000000000000000e+02
2.220000000000000000e+02
6.580000000000000000e+02
