-3.985500000000021146e+02
5.599999999999999289e+01
1.305000000000033822e+01
2.319999999999991047e+01
6.374999999999994316e+01
4.785000000000002984e+01
5.474999999999998579e+01
7.390000000000001990e+01
5.460000000000000142e+01
4.464999999999999147e+01
5.680000000000001137e+01
2.210000000000002984e+01
7.464999999999999147e+01
7.459999999999999432e+01
-3.075500000000017167e+02
-1.453499999999998238e+02
6.600000000000000000e+01
7.444999999999998863e+01
3.524999999999998579e+01
4.329999999999999005e+01
7.230000000000001137e+01
7.859999999999999432e+01
6.004999999999999005e+01
-2.885000000000000497e+01
9.800000000000192557e+00
6.554999999999998295e+01
-1.265000000000003411e+01
7.064999999999997726e+01
5.045000000000000284e+01
4.544999999999997442e+01
8.034999999999999432e+01
4.540000000000000568e+01
8.350000000000079581e+00
5.350000000000002132e+01
7.034999999999999432e+01
4.059999999999995879e+01
4.089999999999999147e+01
-1.319999999999964757e+01
-5.804000000000025921e+02
3.324999999999998579e+01
6.600000000000000000e+01
4.380000000000001137e+01
-7.389999999999980673e+01
5.760000000000002274e+01
6.945000000000000284e+01
7.180000000000001137e+01
5.524999999999999289e+01
4.155000000000001137e+01
2.230000000000001137e+01
4.385000000000002274e+01
6.045000000000000995e+01
-4.584999999999976694e+01
5.834999999999998721e+01
-2.284499999999986358e+03
4.644999999999994600e+01
-3.339999999999959357e+01
-6.474999999999972999e+01
5.819999999999999574e+01
5.984999999999998010e+01
-2.484999999999973852e+01
-6.334999999999917009e+01
4.344999999999998153e+01
5.564999999999997016e+01
-2.093000000000001251e+02
3.875000000000001421e+01
5.439999999999996305e+01
7.495000000000000284e+01
3.464999999999996305e+01
-1.835000000000001563e+01
-7.649999999999906208e+00
6.625000000000000000e+01
6.789999999999999147e+01
6.659999999999999432e+01
-2.246500000000001762e+02
6.429999999999998295e+01
6.475000000000000000e+01
6.070000000000000284e+01
6.970000000000001705e+01
2.509999999999999432e+01
4.135000000000000142e+01
2.674999999999998579e+01
2.774999999999999645e+01
5.124999999999998579e+01
5.485000000000001563e+01
-2.755000000000007532e+01
-1.651500000000008868e+02
6.429999999999998295e+01
5.974999999999999289e+01
-2.959999999999938325e+01
-1.118999999999997783e+02
8.300000000000001421e+01
5.344999999999997442e+01
-3.654999999999962768e+01
-3.934999999999998010e+01
-6.449999999999633360e+00
6.525000000000000000e+01
3.390000000000010516e+01
2.930000000000002203e+01
-1.367499999999995168e+02
-2.614999999999975699e+01
1.739999999999999147e+01
-6.109999999999938325e+01
6.640000000000000568e+01
4.254999999999998295e+01
-4.574999999999978684e+01
6.914999999999997726e+01
7.084999999999999432e+01
1.655000000000002558e+01
5.560000000000002274e+01
6.220000000000002416e+01
6.744999999999998863e+01
7.525000000000000000e+01
5.935000000000000853e+01
-6.947499999999982947e+02
5.435000000000000853e+01
7.870000000000001705e+01
-3.305000000000006821e+01
5.500000000000007105e+00
4.905000000000001137e+01
-4.163500000000029786e+02
6.385000000000000853e+01
7.305000000000001137e+01
2.250000000000330402e+00
2.809999999999998366e+01
6.550000000000001421e+01
8.285000000000002274e+01
6.479999999999998295e+01
-7.689999999999979252e+01
6.820000000000003126e+01
6.230000000000000426e+01
-3.844999999999993889e+01
-1.669999999999928519e+01
5.994999999999999574e+01
2.794999999999999574e+01
4.330000000000001847e+01
-1.000000000000035527e+00
-8.684999999999963904e+01
-3.899999999999820943e+00
4.859999999999995879e+01
6.615000000000003411e+01
6.890000000000000568e+01
4.735000000000000853e+01
-4.048000000000020009e+02
6.075000000000000711e+01
6.270000000000000284e+01
4.794999999999999574e+01
-1.917500000000002842e+02
3.119999999999999929e+01
5.159999999999998010e+01
6.030000000000001137e+01
4.674999999999995026e+01
3.250000000000007105e+01
3.854999999999998295e+01
8.094999999999998863e+01
-2.225499999999998408e+02
6.364999999999999858e+01
1.150000000000062528e+00
-2.024499999999999318e+02
-1.204999999999974847e+01
3.474999999999999289e+01
7.200000000000002842e+01
5.850000000000415312e+00
5.909999999999998721e+01
4.709999999999998010e+01
6.604999999999996874e+01
4.360000000000000853e+01
-4.649999999999572253e+00
4.844999999999998863e+01
3.200000000000000000e+01
-4.660000000000002274e+01
5.064999999999997726e+01
-1.780499999999998408e+02
2.870000000000002416e+01
5.810000000000001563e+01
6.074999999999996447e+01
2.035000000000011511e+01
-4.939999999999977831e+01
6.304999999999998295e+01
5.994999999999996732e+01
7.049999999999997158e+01
4.440000000000004832e+01
-4.479999999999988347e+01
6.209999999999995168e+01
6.040000000000001990e+01
-5.189999999999998437e+01
8.285000000000002274e+01
6.610000000000002274e+01
5.039999999999997016e+01
5.469999999999998863e+01
5.920000000000000995e+01
5.159999999999995168e+01
6.249999999999997158e+01
5.685000000000000853e+01
4.134999999999998010e+01
5.475000000000003553e+01
2.725000000000003553e+01
6.260000000000002274e+01
5.404999999999999716e+01
-2.534000000000039563e+02
1.050000000000014921e+01
6.424999999999997158e+01
-7.099999999999837996e+00
4.864999999999999147e+01
-1.949999999999896261e+00
6.160000000000000142e+01
5.980000000000001137e+01
4.500000000000002132e+01
6.560000000000002274e+01
-1.574999999999997158e+01
4.434999999999998010e+01
7.680000000000001137e+01
1.839999999999999858e+01
6.785000000000002274e+01
3.295000000000000284e+01
3.089999999999998437e+01
7.555000000000003979e+01
-6.069999999999934914e+01
6.190000000000004121e+01
5.814999999999997016e+01
7.055000000000001137e+01
6.340000000000000568e+01
5.950000000000001421e+01
7.335000000000002274e+01
6.345000000000002416e+01
-2.449999999999938893e+00
4.455000000000000426e+01
-4.649999999999955946e+00
-3.624999999999980815e+01
3.010000000000000142e+01
-2.408500000000015291e+02
6.460000000000002274e+01
6.225000000000000000e+01
-6.340000000000001279e+01
5.794999999999997442e+01
-1.830999999999992554e+02
-5.349999999999894840e+00
4.664999999999999858e+01
6.299999999999999289e+01
6.144999999999998153e+01
-5.741500000000007731e+02
6.505000000000001137e+01
5.269999999999998153e+01
4.499999999999999289e+01
4.389999999999995595e+01
-2.834999999999954667e+01
5.469999999999996021e+01
-5.091400000000014188e+03
-1.510999999999993975e+02
5.790000000000001279e+01
5.479999999999999716e+01
6.759999999999999432e+01
-1.344999999999996732e+01
5.429999999999999716e+01
3.625000000000006395e+01
-2.210000000000002274e+01
-5.439999999999986358e+01
3.515000000000000568e+01
3.195000000000001705e+01
7.060000000000002274e+01
7.559999999999999432e+01
5.435000000000000853e+01
-1.202000000000001592e+02
4.850000000000001421e+01
1.109999999999999787e+01
1.425000000000026290e+01
5.379999999999999005e+01
2.719999999999997797e+01
3.999999999999997158e+01
2.209999999999998010e+01
6.965000000000000568e+01
3.154999999999999005e+01
3.654999999999995453e+01
3.425000000000002842e+01
1.374999999999998401e+01
5.449999999999998579e+01
5.229999999999998295e+01
6.049999999999984723e+00
-2.565000000000001634e+01
4.225000000000001421e+01
6.529999999999998295e+01
-9.799999999999972999e+01
2.475000000000002842e+01
6.405000000000001137e+01
4.794999999999998863e+01
5.999999999999999289e+01
6.920000000000001705e+01
-1.629999999999990905e+02
7.475000000000000000e+01
1.469999999999992468e+01
-4.191500000000025921e+02
7.875000000000002842e+01
-1.849999999999990052e+01
4.839999999999999858e+01
2.074999999999997868e+01
2.900000000000007105e+01
4.110000000000000142e+01
-1.707499999999992895e+02
3.924999999999996447e+01
6.079999999999999716e+01
6.190000000000001279e+01
-1.339999999999967883e+01
-1.210499999999993292e+02
-3.999999999999974420e+01
-1.239999999999978542e+01
1.730000000000003979e+01
4.809999999999997300e+01
2.000000000000000000e+00
-9.465000000000003411e+01
-9.049999999999982947e+01
-3.154999999999999005e+01
-6.680000000000006821e+01
3.925000000000012790e+01
4.575000000000003553e+01
-2.066999999999998465e+02
5.910000000000000853e+01
4.275000000000002132e+01
5.609999999999995879e+01
3.864999999999999147e+01
4.344999999999998863e+01
4.250000000000009237e+01
6.134999999999997300e+01
-1.224999999999998295e+02
-1.149999999999884892e+00
5.365000000000001279e+01
6.000000000000000000e+01
5.684999999999999432e+01
-1.534999999999989484e+01
4.679999999999996874e+01
-1.113499999999996248e+02
6.474999999999994316e+01
-5.679999999999969873e+01
3.930000000000001137e+01
5.475000000000000000e+01
5.950000000000000711e+01
-2.485000000000003340e+01
3.634999999999995168e+01
6.374999999999999289e+01
6.655000000000001137e+01
4.780000000000001847e+01
5.200000000000000711e+01
6.554999999999998295e+01
3.794999999999998153e+01
6.024999999999997868e+01
6.519999999999998863e+01
-4.317500000000038654e+02
4.370000000000000284e+01
-3.954999999999962768e+01
4.940000000000001279e+01
5.025000000000000000e+01
4.584999999999993747e+01
3.669999999999997442e+01
-9.549999999999499778e+00
6.984999999999999432e+01
6.939999999999996305e+01
-1.913000000000009777e+02
5.159999999999996589e+01
5.955000000000002558e+01
7.825000000000000000e+01
4.604999999999999716e+01
2.369999999999999574e+01
4.885000000000000853e+01
3.595000000000003126e+01
5.829999999999999005e+01
4.104999999999990479e+01
6.885000000000002274e+01
6.035000000000000142e+01
-6.700000000000024158e+00
6.415000000000000568e+01
7.084999999999999432e+01
5.695000000000000284e+01
1.299999999999975842e+00
-1.380499999999997556e+02
2.649999999999997868e+01
4.935000000000000142e+01
6.049999999999997868e+01
4.244999999999998863e+01
1.420000000000003837e+01
4.600000000000009948e+01
5.804999999999999716e+01
3.069999999999998863e+01
-4.054999999999985505e+01
-2.184000000000002615e+02
-3.925000000000023874e+02
6.890000000000000568e+01
4.650000000000001421e+01
7.449999999999998579e+01
6.885000000000002274e+01
6.605000000000001137e+01
4.020000000000000284e+01
6.759999999999999432e+01
6.435000000000000853e+01
6.320000000000000995e+01
4.339999999999999147e+01
-1.312549999999986994e+03
6.120000000000003126e+01
4.669999999999997442e+01
6.045000000000000995e+01
4.150000000000000711e+01
4.974999999999999289e+01
5.009999999999999432e+01
-1.299999999999999147e+02
-8.249999999999658939e+00
6.734999999999999432e+01
-2.074999999999950973e+01
8.095000000000004547e+01
-1.475999999999999659e+02
2.305000000000019256e+01
-5.369500000000032287e+02
7.565000000000000568e+01
-2.624999999999949551e+01
-9.529999999999984084e+01
4.200000000000001421e+01
-6.374999999999928946e+01
-4.054999999999959925e+01
5.675000000000000711e+01
-2.399999999999978684e+01
8.065000000000000568e+01
5.524999999999999289e+01
7.014999999999997726e+01
1.135000000000002096e+01
-1.770000000000003126e+01
-3.639999999999939462e+01
-8.414999999999969305e+01
-6.559999999999975273e+01
-5.764999999999970726e+01
-8.834999999999976694e+01
7.429999999999999716e+01
5.435000000000000142e+01
3.044999999999996376e+01
5.774999999999997158e+01
-2.099999999999959499e+01
2.610000000000005116e+01
-8.299999999999897682e+00
4.429999999999995453e+01
4.919999999999997442e+01
-3.817500000000011937e+02
5.564999999999996305e+01
6.919999999999998863e+01
5.810000000000000142e+01
5.115000000000001279e+01
1.020000000000003482e+01
-1.032500000000001847e+02
-8.555999999999974079e+02
-1.799999999999969447e+01
5.955000000000000426e+01
5.199999999999999289e+01
4.325000000000000711e+01
5.864999999999997726e+01
-6.564999999999947988e+01
3.909999999999996589e+01
7.270000000000003126e+01
-2.964999999999982094e+01
3.800000000000000711e+01
-3.369999999999986073e+01
7.955000000000001137e+01
-1.405499999999997840e+02
5.954999999999999716e+01
5.664999999999998437e+01
-4.269999999999984652e+01
7.144999999999997442e+01
-6.729999999999972715e+01
5.904999999999996163e+01
5.385000000000000142e+01
-5.284999999999980957e+01
5.414999999999998437e+01
-1.539500000000005286e+02
8.045000000000000284e+01
6.775000000000001421e+01
2.835000000000021103e+01
7.274999999999998579e+01
5.495000000000001705e+01
3.684999999999997300e+01
6.874999999999997158e+01
-2.454999999999984794e+01
5.650000000000034106e+00
-1.095000000000003837e+01
-1.834999999999963194e+01
5.464999999999993463e+01
1.999999999999957367e+00
6.630000000000001137e+01
-1.684999999999975273e+01
7.875000000000002842e+01
8.009999999999999432e+01
6.780000000000001137e+01
2.034999999999990195e+01
5.174999999999997868e+01
7.059999999999999432e+01
6.580000000000001137e+01
-1.331999999999989939e+02
7.009999999999999432e+01
-4.078500000000028649e+02
-2.599999999999866418e+00
5.924999999999997868e+01
2.774999999999995737e+01
5.230000000000000426e+01
-4.299999999999840838e+00
5.139999999999999858e+01
-5.364500000000037971e+02
6.945000000000001705e+01
-2.339999999999983515e+01
3.000000000000010658e+00
7.034999999999999432e+01
3.074999999999997868e+01
3.799999999999997158e+01
5.159999999999991616e+01
-2.444500000000005002e+02
8.320000000000001705e+01
-5.984999999999935483e+01
5.350000000000000000e+01
-5.946000000000027512e+02
4.675000000000000711e+01
7.675000000000001421e+01
-1.575000000000002842e+01
-8.434999999999996589e+01
5.950000000000000711e+01
-7.850000000000021316e+01
5.800000000000078870e+00
-6.894999999999994600e+01
6.635000000000002274e+01
-7.849999999999781153e+00
-8.709999999999985221e+01
3.980000000000003979e+01
4.335000000000004405e+01
5.625000000000000711e+01
7.339999999999997726e+01
6.090000000000000568e+01
-1.168499999999993690e+02
-1.355500000000003240e+02
-5.099999999999653255e+00
4.670000000000002416e+01
7.569999999999998863e+01
5.719999999999997442e+01
-1.595500000000000966e+02
2.650000000000289901e+00
2.984999999999995879e+01
-6.919999999999984652e+01
-2.085000000000000853e+01
3.550000000000000711e+01
-3.590000000000004121e+01
-2.841500000000009436e+02
6.445000000000001705e+01
4.229999999999999716e+01
5.764999999999999147e+01
5.470000000000002416e+01
5.410000000000000142e+01
4.439999999999997016e+01
4.799999999999998579e+01
6.930000000000001137e+01
1.214999999999992752e+01
2.414999999999998792e+01
-3.819999999999988916e+01
-6.915000000000031832e+02
4.755000000000002558e+01
-1.949999999999903366e+00
7.919999999999998863e+01
-3.984999999999998721e+01
-3.769999999999988916e+01
-6.069999999999964757e+01
6.474999999999998579e+01
4.729999999999999716e+01
2.999999999999998579e+01
3.975000000000000000e+01
6.980000000000001137e+01
6.564999999999997726e+01
5.424999999999997868e+01
5.900000000000019895e+00
3.625000000000012079e+01
5.699999999999998579e+01
4.764999999999999858e+01
7.499999999999998579e+01
5.094999999999994600e+01
8.125000000000000000e+01
5.199999999999997158e+01
2.125000000000005684e+01
-4.850000000000030127e+02
4.414999999999998437e+01
7.059999999999999432e+01
-6.144999999999978968e+01
-3.442000000000016371e+02
1.499999999999995914e+01
-3.829999999999977689e+01
7.329999999999998295e+01
7.074999999999998579e+01
2.500000000000298428e+00
3.044999999999996021e+01
-9.229999999999924398e+01
7.265000000000000568e+01
5.610000000000000853e+01
2.445000000000010942e+01
7.520000000000001705e+01
7.095000000000001705e+01
-9.055000000000006821e+01
1.895000000000013074e+01
6.585000000000000853e+01
4.970000000000000284e+01
4.635000000000000142e+01
-1.513499999999997669e+02
-3.814999999999993463e+01
2.850000000000006040e+01
7.794999999999998863e+01
4.379999999999998295e+01
-9.177499999999914735e+02
-3.429999999999920135e+01
5.949999999999998579e+01
7.215000000000000568e+01
-2.924999999999992895e+01
1.054999999999999005e+01
6.990000000000000568e+01
4.054999999999996874e+01
-4.185000000000008669e+01
5.624999999999997158e+01
5.234999999999996589e+01
3.614999999999994884e+01
8.375000000000001421e+01
-1.435000000000010800e+02
5.379999999999999716e+01
2.705000000000000782e+01
2.849999999999988987e+01
7.444999999999998863e+01
-6.499999999998848921e-01
-6.574999999999943157e+01
-1.944500000000006708e+02
7.900000000000000000e+01
7.170000000000001705e+01
1.045000000000021956e+01
3.909999999999999432e+01
5.469999999999998863e+01
-2.998500000000007617e+02
5.484999999999995879e+01
2.884999999999998366e+01
-1.235000000000005116e+01
6.754999999999999716e+01
-1.303499999999987722e+02
-6.106000000000005912e+02
5.930000000000001137e+01
-1.123000000000005514e+02
3.615000000000000568e+01
1.940000000000010516e+01
-2.069999999999988916e+01
8.424999999999998579e+01
3.410000000000004405e+01
3.895000000000002416e+01
-5.924999999999945999e+01
8.674999999999998579e+01
6.080000000000002558e+01
6.415000000000000568e+01
6.410000000000000853e+01
6.415000000000000568e+01
-4.299999999999890576e+00
7.275000000000000000e+01
-9.064999999999959357e+01
7.299999999999998579e+01
-7.089999999999965041e+01
-3.164999999999925251e+01
6.540000000000000568e+01
6.745000000000001705e+01
6.010000000000000853e+01
-1.260500000000000114e+02
3.450000000000004974e+01
6.554999999999998295e+01
-9.429999999999995453e+01
4.984999999999991616e+01
4.259999999999998010e+01
3.824999999999999289e+01
6.164999999999999858e+01
-6.204999999999955662e+01
3.014999999999999858e+01
2.579999999999997229e+01
-4.084999999999981668e+01
4.254999999999999005e+01
4.810000000000000142e+01
4.930000000000001847e+01
-8.349999999999575095e+00
7.009999999999996589e+01
3.005000000000008953e+01
7.115000000000000568e+01
9.349999999999981881e+00
8.175000000000001421e+01
-5.944999999999919282e+01
-5.019999999999930651e+01
-2.897500000000023306e+02
-1.496000000000004491e+02
2.240000000000001990e+01
-9.119999999999912177e+01
-8.194999999999939178e+01
5.714999999999999147e+01
3.170000000000014140e+01
7.030000000000001137e+01
7.810000000000002274e+01
6.825000000000002842e+01
6.409999999999999432e+01
6.505000000000001137e+01
6.080000000000000426e+01
6.150000000000001421e+01
6.775000000000001421e+01
-1.549999999999938183e+01
-5.566500000000017963e+02
4.890000000000003411e+01
-2.114999999999989200e+01
-3.899999999999991473e+00
6.434999999999999432e+01
5.014999999999997726e+01
1.535000000000010978e+01
-7.319999999999996021e+01
5.185000000000002984e+01
7.509999999999999432e+01
3.795000000000013074e+01
-1.215000000000004832e+01
-1.230000000000003268e+01
5.739999999999999858e+01
1.655000000000019611e+01
-3.243500000000008754e+02
8.020000000000001705e+01
6.990000000000000568e+01
4.474999999999999289e+01
5.545000000000000995e+01
6.355000000000001137e+01
5.950000000000000000e+01
8.075000000000000000e+01
-2.629999999999952820e+01
3.969999999999998153e+01
-6.114999999999911040e+01
5.204999999999995453e+01
8.375000000000000000e+01
-1.569999999999999574e+01
1.980000000000000426e+01
3.675000000000001421e+01
7.120000000000001705e+01
4.580000000000003979e+01
7.445000000000001705e+01
7.034999999999999432e+01
9.649999999999995026e+00
3.800000000000054001e+00
5.199999999999996447e+01
3.640000000000000568e+01
6.510000000000000853e+01
-1.429999999999991189e+01
6.385000000000000853e+01
4.779999999999999716e+01
6.984999999999999432e+01
-6.484999999999971010e+01
5.164999999999994884e+01
-4.899999999999863576e+00
4.970000000000000284e+01
6.120000000000000284e+01
6.189999999999999147e+01
-6.469999999999980389e+01
2.074999999999999645e+01
-1.080649999999999409e+03
5.190000000000001279e+01
5.064999999999997016e+01
-2.750000000000011937e+02
4.209999999999993037e+01
7.430000000000001137e+01
5.930000000000002558e+01
1.955000000000000426e+01
3.265000000000003411e+01
8.449999999999970868e+00
7.459999999999999432e+01
4.850000000000001421e+01
-6.549999999999982947e+00
4.525000000000000711e+01
4.309999999999998010e+01
4.219999999999996021e+01
3.995000000000006679e+01
4.765000000000001279e+01
7.354999999999999716e+01
-2.164999999999937330e+01
-1.778500000000007049e+02
-1.304999999999989768e+01
8.000000000000021316e+00
3.889999999999998437e+01
5.279999999999994742e+01
-3.374999999999960210e+01
5.975000000000002132e+01
3.869999999999998863e+01
5.350000000000000000e+01
4.459999999999995879e+01
-2.184999999999993747e+01
6.479999999999998295e+01
-1.465000000000009805e+01
3.974999999999999289e+01
-3.384999999999952536e+01
8.350000000000002842e+01
6.465000000000003411e+01
7.785000000000002274e+01
4.949999999999998579e+01
6.270000000000000284e+01
4.525000000000009237e+01
7.544999999999998863e+01
-4.649999999999643308e+00
5.024999999999999289e+01
7.125000000000000000e+01
6.809999999999999432e+01
3.005000000000000071e+01
6.459999999999996589e+01
6.859999999999999432e+01
7.160000000000002274e+01
4.205000000000000426e+01
3.005000000000010374e+01
6.484999999999999432e+01
6.204999999999995453e+01
-1.168999999999995794e+02
-1.326999999999997044e+02
3.299999999999998579e+01
6.600000000000028066e+00
8.300000000000261835e+00
4.224999999999997868e+01
-6.029999999999998295e+01
4.589999999999999858e+01
2.330000000000000426e+01
6.450000000000000000e+01
7.905000000000001137e+01
-9.040000000000084412e+01
2.730000000000000071e+01
2.150000000000197531e+00
-5.449999999999810996e+00
-1.564999999999979252e+01
7.460000000000000853e+01
8.275000000000000000e+01
6.524999999999998579e+01
1.009999999999999076e+01
4.730000000000001137e+01
-1.624999999999971578e+01
7.010000000000000853e+01
6.825000000000002842e+01
6.250000000000002132e+01
6.750000000000287770e+00
7.425000000000000000e+01
5.469999999999999574e+01
6.414999999999997726e+01
4.305000000000003268e+01
6.434999999999999432e+01
5.979999999999999005e+01
-1.409999999999988063e+01
-1.476500000000010857e+02
4.955000000000000426e+01
-4.585500000000022283e+02
4.980000000000000426e+01
4.185000000000002274e+01
7.829999999999998295e+01
6.915000000000000568e+01
-1.487999999999997272e+02
-2.069999999999945572e+01
4.859999999999998721e+01
-1.768499999999999375e+02
5.804999999999999005e+01
-1.215000000000003944e+01
-1.020999999999994543e+02
6.244999999999999574e+01
7.834999999999999432e+01
5.860000000000000853e+01
7.350000000000000000e+01
-2.351000000000004206e+02
6.114999999999999858e+01
1.235000000000000320e+01
-1.319999999999949125e+01
-1.306499999999988688e+02
-2.474999999999997868e+01
5.370000000000000995e+01
5.969999999999999574e+01
5.770000000000001705e+01
8.440000000000001990e+01
3.050000000000002842e+01
1.785000000000000853e+01
5.479999999999999005e+01
3.929999999999997584e+01
5.349999999999998579e+01
-6.014999999999908198e+01
-1.585999999999995111e+02
7.670000000000004547e+01
-1.831500000000005457e+02
6.050000000000073541e+00
6.529999999999998295e+01
6.650000000000000000e+01
2.959999999999995524e+01
5.050000000000001421e+01
1.535000000000006715e+01
7.364999999999999147e+01
-2.340000000000000568e+01
5.945000000000002416e+01
2.135000000000010800e+01
-8.099999999999974420e+01
4.364999999999999147e+01
-1.135000000000000142e+01
-1.456999999999996760e+02
-5.814999999999882618e+01
3.439999999999994884e+01
5.130000000000011084e+01
4.949999999999997513e+00
3.640000000000000568e+01
5.605000000000001847e+01
3.614999999999996305e+01
5.364999999999999858e+01
4.639999999999996305e+01
-1.257499999999996163e+02
7.815000000000000568e+01
2.930000000000006111e+01
6.554999999999998295e+01
7.379999999999996874e+01
5.885000000000000142e+01
-1.436500000000002615e+02
-7.459999999999961062e+01
4.550000000000133937e+00
1.525000000000015632e+01
5.730000000000002558e+01
7.059999999999999432e+01
6.614999999999997726e+01
7.225000000000000000e+01
5.549999999999996447e+01
1.655000000000002203e+01
-5.499999999999900524e-01
7.475000000000000000e+01
-2.735000000000000853e+01
4.594999999999991758e+01
5.784999999999997300e+01
-4.638500000000025807e+02
-2.382500000000011369e+02
4.390000000000003411e+01
5.484999999999999432e+01
6.809999999999999432e+01
7.075000000000000000e+01
2.909999999999999432e+01
5.615000000000000568e+01
6.494999999999996021e+01
-2.152500000000001421e+02
-5.226500000000040700e+02
6.644999999999998863e+01
6.944999999999997442e+01
4.045000000000000284e+01
3.549999999999999289e+01
4.105000000000001137e+01
-2.189999999999953673e+01
7.260000000000002274e+01
-4.000000000000001421e+01
3.095000000000000284e+01
-3.109999999999974563e+01
7.799999999999998579e+01
4.135000000000000853e+01
7.554999999999998295e+01
5.079999999999998295e+01
-4.564999999999932356e+01
6.305000000000000426e+01
3.500000000000008527e+01
9.800000000000153477e+00
-4.310500000000026262e+02
3.595000000000017337e+01
5.410000000000000142e+01
1.439999999999994884e+01
3.050000000000006395e+01
4.435000000000000142e+01
2.799999999999993605e+01
4.875000000000000711e+01
5.079999999999997584e+01
3.284999999999999432e+01
1.600000000000012079e+01
7.160000000000002274e+01
6.229999999999995453e+01
7.609999999999999432e+01
7.069999999999998863e+01
4.584999999999998010e+01
2.565000000000008029e+01
3.250000000000440536e+00
-1.105000000000003624e+01
4.850000000000002842e+01
4.149999999999999289e+01
-5.463000000000025693e+02
-3.021000000000008754e+02
-1.159999999999996874e+02
2.355000000000000426e+01
2.625000000000006040e+01
5.500000000003240075e-01
2.765000000000015490e+01
7.360000000000002274e+01
-3.000000000000007105e+00
6.224999999999998579e+01
4.104999999999999005e+01
7.440000000000000568e+01
7.450000000000000000e+01
-2.569999999999968310e+01
-8.200000000000038369e+00
-3.276299999999962893e+03
4.975000000000000711e+01
-2.495000000000001705e+01
1.930000000000010019e+01
2.949999999999998579e+01
-1.334999999999995879e+01
-1.935000000000008669e+01
7.290000000000000568e+01
-6.799999999999471356e+00
3.915000000000002700e+01
-1.196499999999996788e+02
-1.557999999999987040e+02
5.204999999999996874e+01
-6.409999999999962483e+01
-5.899000000000022510e+02
-1.643500000000003070e+02
7.510000000000002274e+01
8.035000000000000853e+01
5.074999999999997868e+01
