1.000000000000000000e+03
2.580000000000000000e+02
4.680000000000000000e+02
3.360000000000000000e+02
2.310000000000000000e+02
2.220000000000000000e+02
2.590000000000000000e+02
2.220000000000000000e+02
2.370000000000000000e+02
2.870000000000000000e+02
2.370000000000000000e+02
2.870000000000000000e+02
2.270000000000000000e+02
2.330000000000000000e+02
1.000000000000000000e+03
1.000000000000000000e+03
2.330000000000000000e+02
2.230000000000000000e+02
2.730000000000000000e+02
2.610000000000000000e+02
2.340000000000000000e+02
2.310000000000000000e+02
2.160000000000000000e+02
1.000000000000000000e+03
4.580000000000000000e+02
2.170000000000000000e+02
3.750000000000000000e+02
2.330000000000000000e+02
2.530000000000000000e+02
2.850000000000000000e+02
2.120000000000000000e+02
2.540000000000000000e+02
4.550000000000000000e+02
4.060000000000000000e+02
2.420000000000000000e+02
2.550000000000000000e+02
3.020000000000000000e+02
4.700000000000000000e+02
1.000000000000000000e+03
4.060000000000000000e+02
2.610000000000000000e+02
2.980000000000000000e+02
5.520000000000000000e+02
2.660000000000000000e+02
2.130000000000000000e+02
2.280000000000000000e+02
2.820000000000000000e+02
2.740000000000000000e+02
2.920000000000000000e+02
2.170000000000000000e+02
2.060000000000000000e+02
4.950000000000000000e+02
2.610000000000000000e+02
1.000000000000000000e+03
2.610000000000000000e+02
7.080000000000000000e+02
1.000000000000000000e+03
1.650000000000000000e+02
2.980000000000000000e+02
5.950000000000000000e+02
7.620000000000000000e+02
2.520000000000000000e+02
2.430000000000000000e+02
1.000000000000000000e+03
2.390000000000000000e+02
2.330000000000000000e+02
2.060000000000000000e+02
2.370000000000000000e+02
3.080000000000000000e+02
4.790000000000000000e+02
2.560000000000000000e+02
2.590000000000000000e+02
1.960000000000000000e+02
1.000000000000000000e+03
2.250000000000000000e+02
1.920000000000000000e+02
2.210000000000000000e+02
2.880000000000000000e+02
2.270000000000000000e+02
1.930000000000000000e+02
2.270000000000000000e+02
2.290000000000000000e+02
2.470000000000000000e+02
2.840000000000000000e+02
3.190000000000000000e+02
1.000000000000000000e+03
2.310000000000000000e+02
2.320000000000000000e+02
8.130000000000000000e+02
1.000000000000000000e+03
2.220000000000000000e+02
2.620000000000000000e+02
5.440000000000000000e+02
1.000000000000000000e+03
7.180000000000000000e+02
2.120000000000000000e+02
4.960000000000000000e+02
2.860000000000000000e+02
1.000000000000000000e+03
6.530000000000000000e+02
2.910000000000000000e+02
8.680000000000000000e+02
2.370000000000000000e+02
2.710000000000000000e+02
1.000000000000000000e+03
2.490000000000000000e+02
2.230000000000000000e+02
2.770000000000000000e+02
1.830000000000000000e+02
2.700000000000000000e+02
2.660000000000000000e+02
2.140000000000000000e+02
2.360000000000000000e+02
1.000000000000000000e+03
3.010000000000000000e+02
2.310000000000000000e+02
3.230000000000000000e+02
3.060000000000000000e+02
2.250000000000000000e+02
1.000000000000000000e+03
2.420000000000000000e+02
2.040000000000000000e+02
4.970000000000000000e+02
2.440000000000000000e+02
2.330000000000000000e+02
2.600000000000000000e+02
2.410000000000000000e+02
4.820000000000000000e+02
2.610000000000000000e+02
2.490000000000000000e+02
1.000000000000000000e+03
6.350000000000000000e+02
2.180000000000000000e+02
2.390000000000000000e+02
2.890000000000000000e+02
1.000000000000000000e+03
1.000000000000000000e+03
3.720000000000000000e+02
2.510000000000000000e+02
2.650000000000000000e+02
1.730000000000000000e+02
2.050000000000000000e+02
1.000000000000000000e+03
2.770000000000000000e+02
2.500000000000000000e+02
2.520000000000000000e+02
1.000000000000000000e+03
4.510000000000000000e+02
2.600000000000000000e+02
2.350000000000000000e+02
2.440000000000000000e+02
3.520000000000000000e+02
2.700000000000000000e+02
2.320000000000000000e+02
1.000000000000000000e+03
1.860000000000000000e+02
2.630000000000000000e+02
1.000000000000000000e+03
6.600000000000000000e+02
2.490000000000000000e+02
2.800000000000000000e+02
4.540000000000000000e+02
2.420000000000000000e+02
2.720000000000000000e+02
2.690000000000000000e+02
2.840000000000000000e+02
4.860000000000000000e+02
2.420000000000000000e+02
2.610000000000000000e+02
2.720000000000000000e+02
2.200000000000000000e+02
2.950000000000000000e+02
4.540000000000000000e+02
2.260000000000000000e+02
2.180000000000000000e+02
4.150000000000000000e+02
4.750000000000000000e+02
2.400000000000000000e+02
2.190000000000000000e+02
1.970000000000000000e+02
2.570000000000000000e+02
4.660000000000000000e+02
2.420000000000000000e+02
2.280000000000000000e+02
1.000000000000000000e+03
2.200000000000000000e+02
2.210000000000000000e+02
2.240000000000000000e+02
2.350000000000000000e+02
3.170000000000000000e+02
2.650000000000000000e+02
2.700000000000000000e+02
2.820000000000000000e+02
2.730000000000000000e+02
2.320000000000000000e+02
4.410000000000000000e+02
2.400000000000000000e+02
2.300000000000000000e+02
9.960000000000000000e+02
3.680000000000000000e+02
2.510000000000000000e+02
4.500000000000000000e+02
2.660000000000000000e+02
3.450000000000000000e+02
2.790000000000000000e+02
1.950000000000000000e+02
2.360000000000000000e+02
3.670000000000000000e+02
2.500000000000000000e+02
2.670000000000000000e+02
1.970000000000000000e+02
3.070000000000000000e+02
2.590000000000000000e+02
4.690000000000000000e+02
3.810000000000000000e+02
2.380000000000000000e+02
8.660000000000000000e+02
2.380000000000000000e+02
2.220000000000000000e+02
2.400000000000000000e+02
2.340000000000000000e+02
2.550000000000000000e+02
2.420000000000000000e+02
2.650000000000000000e+02
3.640000000000000000e+02
2.960000000000000000e+02
4.800000000000000000e+02
4.440000000000000000e+02
2.600000000000000000e+02
1.000000000000000000e+03
2.410000000000000000e+02
2.520000000000000000e+02
1.000000000000000000e+03
2.540000000000000000e+02
1.000000000000000000e+03
4.900000000000000000e+02
2.080000000000000000e+02
2.470000000000000000e+02
2.360000000000000000e+02
1.000000000000000000e+03
2.120000000000000000e+02
2.490000000000000000e+02
2.750000000000000000e+02
3.050000000000000000e+02
6.700000000000000000e+02
2.800000000000000000e+02
1.000000000000000000e+03
1.000000000000000000e+03
2.410000000000000000e+02
2.560000000000000000e+02
2.810000000000000000e+02
2.540000000000000000e+02
2.460000000000000000e+02
2.420000000000000000e+02
2.790000000000000000e+02
5.710000000000000000e+02
2.180000000000000000e+02
3.940000000000000000e+02
2.370000000000000000e+02
2.240000000000000000e+02
2.430000000000000000e+02
7.320000000000000000e+02
2.160000000000000000e+02
2.900000000000000000e+02
4.160000000000000000e+02
2.650000000000000000e+02
2.290000000000000000e+02
3.040000000000000000e+02
3.610000000000000000e+02
2.570000000000000000e+02
2.810000000000000000e+02
4.390000000000000000e+02
4.660000000000000000e+02
2.750000000000000000e+02
2.070000000000000000e+02
2.270000000000000000e+02
3.520000000000000000e+02
1.000000000000000000e+03
2.600000000000000000e+02
2.080000000000000000e+02
7.400000000000000000e+02
4.100000000000000000e+02
2.080000000000000000e+02
2.620000000000000000e+02
2.550000000000000000e+02
2.350000000000000000e+02
1.000000000000000000e+03
2.240000000000000000e+02
3.520000000000000000e+02
1.000000000000000000e+03
2.310000000000000000e+02
4.510000000000000000e+02
3.190000000000000000e+02
4.130000000000000000e+02
2.390000000000000000e+02
2.600000000000000000e+02
1.000000000000000000e+03
3.000000000000000000e+02
2.420000000000000000e+02
1.860000000000000000e+02
3.830000000000000000e+02
8.980000000000000000e+02
6.120000000000000000e+02
6.970000000000000000e+02
3.150000000000000000e+02
2.550000000000000000e+02
2.840000000000000000e+02
1.000000000000000000e+03
1.000000000000000000e+03
3.510000000000000000e+02
2.660000000000000000e+02
5.130000000000000000e+02
2.250000000000000000e+02
1.000000000000000000e+03
2.460000000000000000e+02
3.060000000000000000e+02
2.640000000000000000e+02
2.390000000000000000e+02
2.510000000000000000e+02
4.040000000000000000e+02
2.350000000000000000e+02
4.360000000000000000e+02
3.270000000000000000e+02
2.510000000000000000e+02
2.360000000000000000e+02
2.350000000000000000e+02
5.180000000000000000e+02
3.050000000000000000e+02
8.680000000000000000e+02
2.470000000000000000e+02
4.910000000000000000e+02
2.080000000000000000e+02
2.110000000000000000e+02
2.390000000000000000e+02
1.000000000000000000e+03
2.480000000000000000e+02
2.250000000000000000e+02
2.230000000000000000e+02
2.360000000000000000e+02
2.350000000000000000e+02
2.760000000000000000e+02
2.950000000000000000e+02
2.000000000000000000e+02
1.980000000000000000e+02
1.000000000000000000e+03
3.030000000000000000e+02
5.650000000000000000e+02
2.090000000000000000e+02
2.400000000000000000e+02
2.710000000000000000e+02
2.640000000000000000e+02
6.610000000000000000e+02
2.400000000000000000e+02
2.190000000000000000e+02
1.000000000000000000e+03
2.600000000000000000e+02
2.390000000000000000e+02
2.100000000000000000e+02
2.220000000000000000e+02
2.890000000000000000e+02
2.620000000000000000e+02
2.750000000000000000e+02
2.740000000000000000e+02
2.810000000000000000e+02
2.130000000000000000e+02
2.540000000000000000e+02
3.550000000000000000e+02
2.710000000000000000e+02
2.050000000000000000e+02
2.130000000000000000e+02
3.180000000000000000e+02
1.000000000000000000e+03
3.720000000000000000e+02
2.530000000000000000e+02
2.780000000000000000e+02
2.540000000000000000e+02
5.210000000000000000e+02
2.600000000000000000e+02
3.030000000000000000e+02
2.970000000000000000e+02
7.130000000000000000e+02
1.000000000000000000e+03
9.760000000000000000e+02
1.960000000000000000e+02
2.550000000000000000e+02
2.020000000000000000e+02
2.580000000000000000e+02
2.220000000000000000e+02
2.340000000000000000e+02
2.390000000000000000e+02
2.320000000000000000e+02
1.720000000000000000e+02
4.670000000000000000e+02
1.000000000000000000e+03
2.170000000000000000e+02
2.980000000000000000e+02
2.080000000000000000e+02
2.580000000000000000e+02
2.720000000000000000e+02
2.690000000000000000e+02
5.990000000000000000e+02
6.870000000000000000e+02
2.270000000000000000e+02
6.730000000000000000e+02
2.630000000000000000e+02
1.000000000000000000e+03
4.330000000000000000e+02
1.000000000000000000e+03
2.050000000000000000e+02
4.600000000000000000e+02
1.000000000000000000e+03
2.700000000000000000e+02
8.710000000000000000e+02
5.610000000000000000e+02
2.790000000000000000e+02
7.510000000000000000e+02
2.060000000000000000e+02
2.450000000000000000e+02
1.980000000000000000e+02
3.080000000000000000e+02
1.000000000000000000e+03
6.940000000000000000e+02
1.000000000000000000e+03
3.270000000000000000e+02
8.820000000000000000e+02
8.340000000000000000e+02
2.160000000000000000e+02
2.760000000000000000e+02
2.910000000000000000e+02
2.710000000000000000e+02
6.940000000000000000e+02
3.070000000000000000e+02
6.610000000000000000e+02
2.650000000000000000e+02
2.560000000000000000e+02
1.000000000000000000e+03
3.090000000000000000e+02
2.720000000000000000e+02
2.210000000000000000e+02
2.340000000000000000e+02
4.750000000000000000e+02
9.770000000000000000e+02
1.000000000000000000e+03
6.690000000000000000e+02
2.300000000000000000e+02
2.360000000000000000e+02
3.150000000000000000e+02
2.770000000000000000e+02
3.700000000000000000e+02
2.770000000000000000e+02
2.470000000000000000e+02
4.210000000000000000e+02
2.810000000000000000e+02
5.010000000000000000e+02
2.360000000000000000e+02
1.000000000000000000e+03
2.590000000000000000e+02
2.360000000000000000e+02
4.770000000000000000e+02
1.860000000000000000e+02
7.210000000000000000e+02
2.380000000000000000e+02
2.420000000000000000e+02
4.900000000000000000e+02
2.110000000000000000e+02
7.790000000000000000e+02
1.900000000000000000e+02
1.900000000000000000e+02
4.040000000000000000e+02
2.000000000000000000e+02
2.640000000000000000e+02
2.740000000000000000e+02
2.000000000000000000e+02
5.200000000000000000e+02
1.000000000000000000e+03
1.000000000000000000e+03
6.820000000000000000e+02
2.760000000000000000e+02
4.540000000000000000e+02
2.760000000000000000e+02
4.080000000000000000e+02
2.230000000000000000e+02
2.460000000000000000e+02
2.390000000000000000e+02
6.540000000000000000e+02
4.230000000000000000e+02
2.070000000000000000e+02
2.650000000000000000e+02
1.000000000000000000e+03
2.350000000000000000e+02
8.370000000000000000e+02
4.570000000000000000e+02
2.960000000000000000e+02
3.080000000000000000e+02
2.600000000000000000e+02
4.460000000000000000e+02
3.460000000000000000e+02
1.000000000000000000e+03
2.570000000000000000e+02
5.010000000000000000e+02
2.810000000000000000e+02
2.350000000000000000e+02
2.910000000000000000e+02
4.410000000000000000e+02
3.000000000000000000e+02
1.000000000000000000e+03
2.240000000000000000e+02
8.390000000000000000e+02
1.900000000000000000e+02
1.000000000000000000e+03
2.760000000000000000e+02
1.900000000000000000e+02
2.790000000000000000e+02
1.000000000000000000e+03
2.370000000000000000e+02
4.870000000000000000e+02
5.210000000000000000e+02
3.730000000000000000e+02
2.000000000000000000e+02
4.770000000000000000e+02
1.000000000000000000e+03
2.090000000000000000e+02
3.010000000000000000e+02
2.400000000000000000e+02
2.200000000000000000e+02
2.470000000000000000e+02
1.000000000000000000e+03
1.000000000000000000e+03
5.970000000000000000e+02
2.360000000000000000e+02
1.910000000000000000e+02
2.850000000000000000e+02
9.520000000000000000e+02
5.130000000000000000e+02
3.510000000000000000e+02
5.290000000000000000e+02
1.000000000000000000e+03
2.610000000000000000e+02
1.000000000000000000e+03
4.920000000000000000e+02
2.590000000000000000e+02
2.590000000000000000e+02
2.410000000000000000e+02
2.870000000000000000e+02
2.510000000000000000e+02
2.970000000000000000e+02
1.900000000000000000e+02
2.230000000000000000e+02
3.560000000000000000e+02
2.640000000000000000e+02
5.780000000000000000e+02
6.530000000000000000e+02
2.730000000000000000e+02
4.250000000000000000e+02
2.260000000000000000e+02
1.000000000000000000e+03
4.990000000000000000e+02
7.120000000000000000e+02
2.370000000000000000e+02
3.470000000000000000e+02
2.450000000000000000e+02
2.660000000000000000e+02
2.310000000000000000e+02
1.930000000000000000e+02
2.490000000000000000e+02
3.910000000000000000e+02
2.760000000000000000e+02
2.150000000000000000e+02
2.880000000000000000e+02
2.130000000000000000e+02
3.050000000000000000e+02
1.960000000000000000e+02
2.340000000000000000e+02
3.230000000000000000e+02
1.000000000000000000e+03
2.680000000000000000e+02
2.240000000000000000e+02
4.050000000000000000e+02
1.000000000000000000e+03
3.870000000000000000e+02
7.040000000000000000e+02
2.480000000000000000e+02
2.130000000000000000e+02
5.060000000000000000e+02
3.110000000000000000e+02
8.750000000000000000e+02
2.490000000000000000e+02
2.220000000000000000e+02
5.810000000000000000e+02
2.320000000000000000e+02
2.340000000000000000e+02
9.680000000000000000e+02
4.630000000000000000e+02
2.220000000000000000e+02
2.610000000000000000e+02
2.250000000000000000e+02
8.170000000000000000e+02
5.590000000000000000e+02
4.190000000000000000e+02
2.300000000000000000e+02
3.100000000000000000e+02
1.000000000000000000e+03
6.820000000000000000e+02
2.080000000000000000e+02
2.120000000000000000e+02
1.000000000000000000e+03
1.000000000000000000e+03
2.280000000000000000e+02
2.430000000000000000e+02
4.330000000000000000e+02
2.310000000000000000e+02
2.460000000000000000e+02
3.700000000000000000e+02
2.310000000000000000e+02
9.420000000000000000e+02
2.520000000000000000e+02
2.660000000000000000e+02
3.410000000000000000e+02
2.210000000000000000e+02
5.010000000000000000e+02
1.000000000000000000e+03
1.000000000000000000e+03
2.390000000000000000e+02
2.400000000000000000e+02
6.410000000000000000e+02
2.380000000000000000e+02
2.640000000000000000e+02
1.000000000000000000e+03
2.760000000000000000e+02
5.430000000000000000e+02
1.000000000000000000e+03
1.810000000000000000e+02
1.000000000000000000e+03
1.000000000000000000e+03
2.210000000000000000e+02
5.990000000000000000e+02
2.390000000000000000e+02
3.220000000000000000e+02
2.450000000000000000e+02
2.280000000000000000e+02
3.040000000000000000e+02
2.210000000000000000e+02
6.950000000000000000e+02
1.950000000000000000e+02
2.860000000000000000e+02
2.450000000000000000e+02
2.280000000000000000e+02
2.670000000000000000e+02
5.210000000000000000e+02
2.790000000000000000e+02
9.030000000000000000e+02
2.270000000000000000e+02
4.810000000000000000e+02
6.900000000000000000e+02
2.150000000000000000e+02
2.290000000000000000e+02
2.180000000000000000e+02
9.540000000000000000e+02
4.140000000000000000e+02
2.290000000000000000e+02
1.000000000000000000e+03
2.770000000000000000e+02
2.790000000000000000e+02
3.940000000000000000e+02
2.700000000000000000e+02
8.800000000000000000e+02
2.480000000000000000e+02
3.170000000000000000e+02
3.640000000000000000e+02
2.580000000000000000e+02
2.760000000000000000e+02
2.260000000000000000e+02
6.060000000000000000e+02
2.370000000000000000e+02
6.140000000000000000e+02
2.620000000000000000e+02
3.600000000000000000e+02
2.240000000000000000e+02
6.950000000000000000e+02
7.180000000000000000e+02
1.000000000000000000e+03
8.670000000000000000e+02
2.890000000000000000e+02
8.590000000000000000e+02
9.670000000000000000e+02
2.410000000000000000e+02
2.980000000000000000e+02
2.350000000000000000e+02
2.330000000000000000e+02
2.490000000000000000e+02
2.420000000000000000e+02
2.200000000000000000e+02
2.380000000000000000e+02
2.060000000000000000e+02
2.690000000000000000e+02
6.900000000000000000e+02
1.000000000000000000e+03
2.550000000000000000e+02
5.480000000000000000e+02
1.000000000000000000e+03
2.450000000000000000e+02
2.550000000000000000e+02
2.950000000000000000e+02
7.040000000000000000e+02
2.830000000000000000e+02
2.400000000000000000e+02
3.820000000000000000e+02
2.660000000000000000e+02
3.320000000000000000e+02
2.770000000000000000e+02
3.900000000000000000e+02
1.000000000000000000e+03
2.050000000000000000e+02
2.610000000000000000e+02
2.490000000000000000e+02
2.230000000000000000e+02
2.610000000000000000e+02
2.760000000000000000e+02
1.960000000000000000e+02
5.430000000000000000e+02
3.690000000000000000e+02
8.640000000000000000e+02
2.310000000000000000e+02
2.100000000000000000e+02
1.000000000000000000e+03
3.290000000000000000e+02
2.670000000000000000e+02
2.410000000000000000e+02
2.680000000000000000e+02
2.060000000000000000e+02
2.290000000000000000e+02
2.600000000000000000e+02
5.050000000000000000e+02
2.560000000000000000e+02
4.440000000000000000e+02
2.130000000000000000e+02
6.370000000000000000e+02
2.570000000000000000e+02
2.740000000000000000e+02
2.280000000000000000e+02
8.580000000000000000e+02
2.020000000000000000e+02
6.320000000000000000e+02
2.490000000000000000e+02
2.500000000000000000e+02
2.400000000000000000e+02
6.230000000000000000e+02
2.980000000000000000e+02
1.000000000000000000e+03
2.830000000000000000e+02
2.480000000000000000e+02
8.580000000000000000e+02
2.340000000000000000e+02
2.280000000000000000e+02
2.740000000000000000e+02
2.620000000000000000e+02
2.000000000000000000e+02
3.180000000000000000e+02
2.210000000000000000e+02
3.100000000000000000e+02
3.360000000000000000e+02
2.100000000000000000e+02
2.900000000000000000e+02
2.770000000000000000e+02
2.340000000000000000e+02
2.360000000000000000e+02
2.390000000000000000e+02
4.560000000000000000e+02
1.000000000000000000e+03
6.050000000000000000e+02
2.420000000000000000e+02
2.500000000000000000e+02
2.340000000000000000e+02
6.020000000000000000e+02
2.060000000000000000e+02
2.350000000000000000e+02
2.430000000000000000e+02
3.130000000000000000e+02
6.140000000000000000e+02
2.190000000000000000e+02
2.760000000000000000e+02
2.750000000000000000e+02
6.610000000000000000e+02
2.270000000000000000e+02
2.570000000000000000e+02
2.340000000000000000e+02
2.680000000000000000e+02
1.840000000000000000e+02
2.670000000000000000e+02
2.230000000000000000e+02
6.200000000000000000e+02
2.040000000000000000e+02
2.400000000000000000e+02
1.850000000000000000e+02
2.150000000000000000e+02
2.530000000000000000e+02
2.430000000000000000e+02
2.650000000000000000e+02
2.040000000000000000e+02
6.030000000000000000e+02
2.120000000000000000e+02
2.610000000000000000e+02
4.610000000000000000e+02
1.000000000000000000e+03
1.970000000000000000e+02
3.190000000000000000e+02
6.860000000000000000e+02
2.650000000000000000e+02
3.140000000000000000e+02
2.720000000000000000e+02
2.630000000000000000e+02
2.390000000000000000e+02
2.640000000000000000e+02
8.800000000000000000e+02
4.740000000000000000e+02
4.280000000000000000e+02
6.570000000000000000e+02
5.300000000000000000e+02
2.550000000000000000e+02
2.100000000000000000e+02
2.330000000000000000e+02
2.810000000000000000e+02
3.360000000000000000e+02
4.840000000000000000e+02
2.510000000000000000e+02
2.770000000000000000e+02
2.730000000000000000e+02
4.260000000000000000e+02
2.370000000000000000e+02
2.470000000000000000e+02
2.440000000000000000e+02
4.670000000000000000e+02
1.980000000000000000e+02
2.490000000000000000e+02
5.090000000000000000e+02
9.940000000000000000e+02
2.370000000000000000e+02
1.000000000000000000e+03
2.590000000000000000e+02
3.020000000000000000e+02
1.840000000000000000e+02
2.190000000000000000e+02
1.000000000000000000e+03
6.060000000000000000e+02
2.370000000000000000e+02
1.000000000000000000e+03
2.770000000000000000e+02
1.000000000000000000e+03
8.390000000000000000e+02
2.100000000000000000e+02
2.260000000000000000e+02
1.910000000000000000e+02
2.110000000000000000e+02
1.000000000000000000e+03
2.350000000000000000e+02
3.080000000000000000e+02
6.570000000000000000e+02
1.000000000000000000e+03
3.800000000000000000e+02
2.580000000000000000e+02
2.880000000000000000e+02
2.230000000000000000e+02
2.070000000000000000e+02
4.470000000000000000e+02
2.620000000000000000e+02
2.750000000000000000e+02
2.780000000000000000e+02
2.490000000000000000e+02
8.450000000000000000e+02
1.000000000000000000e+03
2.410000000000000000e+02
1.000000000000000000e+03
4.980000000000000000e+02
2.150000000000000000e+02
2.640000000000000000e+02
3.590000000000000000e+02
2.190000000000000000e+02
6.560000000000000000e+02
2.350000000000000000e+02
1.000000000000000000e+03
2.730000000000000000e+02
4.470000000000000000e+02
9.630000000000000000e+02
3.170000000000000000e+02
2.960000000000000000e+02
1.000000000000000000e+03
9.290000000000000000e+02
2.770000000000000000e+02
2.830000000000000000e+02
3.300000000000000000e+02
2.050000000000000000e+02
2.530000000000000000e+02
2.970000000000000000e+02
2.640000000000000000e+02
3.080000000000000000e+02
1.000000000000000000e+03
2.640000000000000000e+02
4.910000000000000000e+02
1.990000000000000000e+02
2.340000000000000000e+02
2.610000000000000000e+02
8.900000000000000000e+02
6.440000000000000000e+02
3.650000000000000000e+02
6.520000000000000000e+02
2.880000000000000000e+02
2.060000000000000000e+02
2.720000000000000000e+02
2.300000000000000000e+02
1.980000000000000000e+02
2.430000000000000000e+02
2.460000000000000000e+02
2.410000000000000000e+02
2.670000000000000000e+02
3.030000000000000000e+02
2.940000000000000000e+02
1.000000000000000000e+03
9.970000000000000000e+02
4.110000000000000000e+02
1.940000000000000000e+02
2.130000000000000000e+02
2.180000000000000000e+02
3.720000000000000000e+02
2.420000000000000000e+02
2.660000000000000000e+02
5.010000000000000000e+02
1.000000000000000000e+03
2.800000000000000000e+02
2.280000000000000000e+02
2.800000000000000000e+02
3.450000000000000000e+02
2.390000000000000000e+02
6.870000000000000000e+02
2.510000000000000000e+02
1.000000000000000000e+03
2.870000000000000000e+02
4.640000000000000000e+02
2.790000000000000000e+02
2.380000000000000000e+02
2.030000000000000000e+02
2.510000000000000000e+02
7.690000000000000000e+02
2.090000000000000000e+02
2.500000000000000000e+02
4.670000000000000000e+02
1.000000000000000000e+03
3.920000000000000000e+02
2.900000000000000000e+02
1.000000000000000000e+03
4.170000000000000000e+02
2.620000000000000000e+02
2.940000000000000000e+02
2.310000000000000000e+02
2.520000000000000000e+02
2.440000000000000000e+02
4.650000000000000000e+02
2.510000000000000000e+02
2.140000000000000000e+02
2.310000000000000000e+02
2.200000000000000000e+02
2.090000000000000000e+02
3.460000000000000000e+02
5.110000000000000000e+02
1.000000000000000000e+03
2.230000000000000000e+02
2.850000000000000000e+02
1.000000000000000000e+03
1.000000000000000000e+03
6.750000000000000000e+02
3.090000000000000000e+02
2.770000000000000000e+02
5.020000000000000000e+02
3.140000000000000000e+02
2.370000000000000000e+02
1.000000000000000000e+03
2.440000000000000000e+02
2.810000000000000000e+02
2.140000000000000000e+02
2.600000000000000000e+02
6.010000000000000000e+02
3.670000000000000000e+02
1.000000000000000000e+03
2.510000000000000000e+02
5.700000000000000000e+02
2.440000000000000000e+02
4.470000000000000000e+02
4.790000000000000000e+02
1.000000000000000000e+03
2.150000000000000000e+02
6.100000000000000000e+02
2.660000000000000000e+02
1.000000000000000000e+03
1.000000000000000000e+03
2.070000000000000000e+02
1.000000000000000000e+03
1.000000000000000000e+03
6.480000000000000000e+02
2.440000000000000000e+02
2.070000000000000000e+02
2.540000000000000000e+02
