6.625000000000002842e+01
-1.784999999999999432e+01
4.224999999999997868e+01
-5.204999999999965610e+01
3.814999999999999858e+01
4.464999999999999147e+01
1.840000000000003055e+01
5.934999999999999432e+01
1.634999999999996589e+01
-5.169999999999994600e+01
-1.279999999999981242e+01
8.429999999999999716e+01
-2.699999999999931788e+00
7.490000000000000568e+01
9.700000000000072120e+00
4.844999999999999574e+01
-5.814000000000013415e+02
7.600000000000000000e+01
-1.499999999999346301e-01
8.950000000000005684e+01
-1.023499999999992980e+02
6.365000000000000568e+01
4.175000000000000711e+01
3.234999999999999432e+01
5.679999999999996874e+01
-5.027000000000032855e+02
-7.944999999999974705e+01
-1.450000000000001421e+01
-7.899999999999977263e+00
-2.149999999999999289e+01
6.345000000000000284e+01
-2.274999999999985079e+01
4.629999999999998295e+01
-1.079999999999973426e+01
-2.604999999999966320e+01
6.144999999999996021e+01
6.210000000000002984e+01
-1.900000000000012790e+00
5.584999999999996589e+01
-9.844999999999970441e+01
5.749999999999997158e+01
7.915000000000000568e+01
2.830000000000003268e+01
-7.104999999999998295e+01
7.419999999999998863e+01
8.899999999999984368e+00
-3.359999999999990195e+01
2.694999999999996732e+01
6.980000000000001137e+01
7.930000000000001137e+01
6.405000000000001137e+01
8.385000000000002274e+01
4.224999999999996447e+01
-9.319999999999984652e+01
-3.179999999999978400e+01
2.315000000000002345e+01
2.844999999999995310e+01
2.419999999999999574e+01
7.550000000000000000e+01
2.000000000000010658e+01
7.504999999999999716e+01
1.279999999999999538e+01
6.784999999999998010e+01
4.520000000000000284e+01
4.719999999999998863e+01
1.565000000000001990e+01
6.279999999999998295e+01
-2.957000000000002728e+02
3.244999999999996732e+01
-8.754999999999981242e+01
5.144999999999999574e+01
-1.640499999999997556e+02
7.019999999999998863e+01
2.685000000000006537e+01
4.019999999999996021e+01
4.000000000000008882e+00
-2.092000000000016939e+02
-1.030999999999992554e+02
-9.000000000000113687e+00
6.314999999999999858e+01
5.479999999999999005e+01
-4.850000000000001421e+01
-9.639999999999967883e+01
7.219999999999998863e+01
5.419999999999999574e+01
6.110000000000001563e+01
-1.153499999999995111e+02
-3.288000000000014325e+02
1.699999999999995737e+00
-9.345000000000004547e+01
6.475000000000001421e+01
-1.089999999999999680e+01
5.249999999999998579e+01
-1.568000000000005230e+02
5.569999999999998153e+01
4.899999999999999289e+01
3.979999999999997584e+01
3.635000000000000142e+01
4.950000000000000711e+01
3.229999999999999005e+01
3.045000000000008100e+01
7.550000000000103739e+00
-2.045000000000000284e+01
-4.044999999999962625e+01
4.749999999999995026e+01
5.189999999999997016e+01
3.239999999999990621e+01
-2.069999999999990337e+01
-1.100000000000001421e+00
3.844999999999996732e+01
2.599999999999994316e+00
6.015000000000003411e+01
5.644999999999998153e+01
1.850000000000079581e+00
5.889999999999997726e+01
-4.671000000000027512e+02
-2.269999999999997442e+01
8.075000000000000000e+01
6.724999999999998579e+01
3.714999999999999858e+01
-1.619999999999999716e+02
7.710000000000002274e+01
5.405000000000000426e+01
7.500000000000035527e-01
3.924999999999995737e+01
4.884999999999998010e+01
5.600000000000002132e+01
5.269999999999995310e+01
-5.394999999999916440e+01
6.484999999999996589e+01
3.715000000000000568e+01
6.195000000000000284e+01
7.079999999999998295e+01
6.850000000000000000e+01
5.490000000000000568e+01
-1.509999999999950404e+01
9.400000000000217071e+00
-6.199999999999818101e+00
2.580000000000000426e+01
7.200000000000002842e+00
-8.399999999999565148e+00
-2.433000000000002387e+02
6.454999999999998295e+01
-1.454999999999997442e+02
5.539999999999997726e+01
4.255000000000000426e+01
6.890000000000003411e+01
-4.879999999999986926e+01
5.384999999999996589e+01
-1.715000000000001137e+02
4.519999999999991047e+01
4.549999999999997868e+01
-1.429999999999998579e+02
7.865000000000003411e+01
9.249999999999937828e+00
6.874999999999997158e+01
5.309999999999997300e+01
3.695000000000018048e+01
6.225000000000000711e+01
3.694999999999997442e+01
3.075000000000000000e+01
7.475000000000000000e+01
2.405000000000002203e+01
1.325000000000000711e+01
5.679999999999996163e+01
5.774999999999999289e+01
-4.999999999999997158e+01
5.790000000000001990e+01
6.969999999999998863e+01
-4.250000000000028422e+00
4.830000000000011084e+01
6.855000000000001137e+01
5.979999999999999005e+01
8.014999999999999147e+01
-1.000999999999997385e+02
-1.105000000000002274e+02
1.289999999999995950e+01
5.744999999999996021e+01
2.549999999999999289e+01
6.814999999999997726e+01
4.174999999999996447e+01
5.974999999999999289e+01
-1.208099999999999000e+03
3.530000000000000426e+01
-6.809999999999928377e+01
4.059999999999996589e+01
-3.879999999999957794e+01
3.584999999999996589e+01
2.469999999999998863e+01
6.199999999999996447e+01
-1.829000000000004889e+02
6.345000000000000995e+01
-3.400000000000007105e+01
4.479999999999999005e+01
4.949999999999997158e+01
6.444999999999998863e+01
6.279999999999999716e+01
1.250000000000002132e+01
5.739999999999997726e+01
7.514999999999999147e+01
-2.194000000000004320e+02
5.440000000000001279e+01
6.500000000001548983e-01
4.859999999999993037e+01
6.579999999999994031e+01
2.250000000000092371e+00
2.950000000000102318e+00
3.739999999999999858e+01
7.090000000000003411e+01
5.019999999999999574e+01
6.865000000000000568e+01
-9.849999999999653255e+00
4.214999999999995595e+01
-1.562999999999998124e+02
3.829999999999992610e+01
-1.509999999999966036e+01
3.869999999999993889e+01
7.975000000000000000e+01
-2.157999999999998693e+02
5.464999999999997016e+01
-4.434999999999925535e+01
6.199999999999999289e+01
2.749999999999997868e+01
5.030000000000003979e+01
1.680000000000000426e+01
4.924999999999999289e+01
4.699999999999961986e+00
7.515000000000000568e+01
-5.569999999999971863e+01
5.020000000000001705e+01
4.475000000000002132e+01
7.080000000000001137e+01
6.494999999999996021e+01
-3.524500000000011823e+02
4.264999999999997016e+01
7.979999999999998295e+01
-1.029999999999999716e+01
-1.214999999999970015e+01
6.960000000000000853e+01
8.020000000000001705e+01
5.394999999999999574e+01
8.005000000000001137e+01
-3.259999999999969589e+01
8.054999999999999716e+01
4.414999999999999858e+01
5.994999999999998153e+01
2.635000000000000142e+01
-1.015499999999999119e+02
-1.877000000000008129e+02
3.145000000000001705e+01
6.850000000000001421e+01
7.115000000000000568e+01
6.329999999999997584e+01
-2.232500000000008811e+02
5.849999999999972999e+00
3.824999999999994316e+01
-5.889999999999967883e+01
-1.499999999999559464e-01
-1.060000000000005826e+01
3.300000000000002132e+01
6.315000000000000568e+01
7.045000000000000284e+01
7.529999999999998295e+01
7.534999999999999432e+01
8.494999999999998863e+01
5.140000000000000568e+01
5.145000000000002416e+01
2.489999999999999147e+01
-4.387000000000041382e+02
-2.844500000000006139e+02
4.570000000000008811e+01
5.299999999999963407e+00
6.515000000000000568e+01
4.194999999999998153e+01
3.075000000000004263e+01
6.194999999999999574e+01
7.234999999999999432e+01
5.459999999999997300e+01
2.365000000000001279e+01
-2.309999999999998721e+01
2.389999999999995595e+01
3.389999999999994884e+01
7.464999999999999147e+01
6.439999999999999147e+01
2.484999999999993747e+01
6.600000000000002842e+01
5.094999999999996732e+01
-2.365000000000000213e+01
2.125000000000000711e+01
-5.949999999999984368e+01
5.514999999999999858e+01
8.015000000000000568e+01
1.480000000000001847e+01
2.574999999999995737e+01
1.475000000000005151e+01
3.009999999999998010e+01
5.400000000000000711e+01
4.024999999999996447e+01
5.960000000000000142e+01
4.440000000000003411e+01
4.210000000000000853e+01
2.500000000000206057e+00
5.224999999999997158e+01
6.959999999999996589e+01
3.665000000000005542e+01
-4.393000000000021714e+02
6.279999999999998295e+01
6.625000000000000000e+01
5.014999999999999147e+01
3.995000000000004547e+01
-3.403500000000007049e+02
7.484999999999999432e+01
5.219999999999998153e+01
2.210000000000001918e+01
-6.399999999999998579e+00
2.439999999999994174e+01
4.364999999999999858e+01
4.079999999999998295e+01
4.590000000000000568e+01
-9.354999999999992610e+01
6.284999999999998721e+01
6.239999999999999147e+01
5.564999999999999858e+01
3.239999999999999147e+01
3.789999999999994884e+01
2.585000000000001208e+01
7.150000000000147793e+00
5.939999999999999858e+01
6.985000000000000853e+01
1.144999999999996021e+01
5.460000000000000142e+01
6.394999999999998863e+01
4.634999999999999432e+01
5.725000000000000000e+01
3.850000000000000711e+01
5.004999999999998295e+01
6.524999999999997158e+01
4.139999999999998437e+01
6.860000000000000853e+01
-9.299999999999997158e+00
-3.605000000000022737e+02
-1.219499999999998465e+02
5.569999999999998153e+01
-2.499999999997868372e-01
-7.705499999999966576e+02
5.369999999999996732e+01
-2.670000000000003126e+01
-2.514999999999993463e+01
-2.689999999999985647e+01
7.315000000000001990e+01
6.954999999999998295e+01
5.240000000000004121e+01
-6.254000000000035016e+02
2.550000000000274269e+00
5.465000000000000568e+01
1.375000000000000711e+01
1.709999999999997655e+01
1.900000000000000000e+01
7.439999999999997726e+01
-1.844999999999949125e+01
-2.050000000000025580e+00
-4.959999999999998010e+01
1.860000000000001563e+01
5.000000000000001421e+01
-1.006499999999997215e+02
-6.929999999999989768e+01
5.349999999999993605e+01
3.350000000000154188e+00
-1.728000000000007503e+02
-1.335499999999998408e+02
6.435000000000000853e+01
3.734999999999999432e+01
5.795000000000000284e+01
-2.724999999999993605e+01
-4.954999999999996874e+01
5.425000000000000711e+01
-5.669500000000010687e+02
-1.145000000000003837e+01
-8.800000000000039790e+00
4.685000000000000142e+01
5.429999999999998295e+01
-1.694500000000006992e+02
6.690000000000000568e+01
6.420000000000000284e+01
4.619999999999998863e+01
7.504999999999998295e+01
8.910000000000006537e+01
6.889999999999997726e+01
-8.699999999999860734e+00
4.824999999999999289e+01
1.285000000000001030e+01
6.169999999999998863e+01
3.775000000000002132e+01
2.835000000000000853e+01
8.150000000000000000e+01
3.470000000000000284e+01
8.025000000000000000e+01
5.475000000000000711e+01
5.834999999999999432e+01
-1.096200000000005502e+03
5.760000000000000142e+01
9.850000000000035172e+00
6.405000000000001137e+01
4.364999999999999147e+01
1.390000000000001101e+01
-2.989999999999952252e+01
4.354999999999997584e+01
-5.164999999999994884e+01
6.780000000000001137e+01
2.779999999999995453e+01
4.315000000000001279e+01
-2.142499999999994031e+02
5.185000000000002984e+01
3.374999999999999289e+01
4.964999999999999858e+01
5.175000000000000000e+01
5.069999999999998863e+01
6.205000000000002558e+01
3.349999999999958789e+00
6.844999999999998863e+01
6.544999999999998863e+01
-1.152999999999999829e+02
4.559999999999998010e+01
-1.983499999999997385e+02
-8.161000000000065029e+02
5.990000000000001279e+01
-1.664999999999995595e+01
4.754999999999999716e+01
5.784999999999998010e+01
6.755000000000003979e+01
4.824999999999997868e+01
7.504999999999998295e+01
5.819999999999998863e+01
5.950000000000000711e+01
-1.479999999999994742e+01
1.649999999999999289e+01
-6.134999999999968168e+01
1.360000000000012044e+01
-6.425000000000002842e+01
1.599999999999999289e+01
1.680000000000004690e+01
7.394999999999998863e+01
1.825000000000002842e+01
4.209999999999996589e+01
3.489999999999998437e+01
-1.604999999999999716e+01
6.659999999999998010e+01
4.910000000000002984e+01
2.719999999999996732e+01
7.515000000000000568e+01
7.900000000000000000e+01
6.515000000000000568e+01
2.120000000000001350e+01
-5.459999999999972431e+01
3.689999999999998437e+01
7.490000000000000568e+01
4.844999999999997442e+01
6.909999999999999432e+01
3.895000000000000995e+01
2.405000000000001847e+01
3.264999999999992752e+01
6.454999999999992610e+01
-6.364999999999977831e+01
5.544999999999996732e+01
1.200000000000006750e+01
3.959999999999994458e+01
7.200000000000068567e+00
-6.384999999999907061e+01
-3.414999999999955804e+01
3.839999999999996305e+01
7.299999999999998934e+00
6.035000000000000853e+01
7.474999999999998579e+01
4.244999999999998863e+01
1.930000000000012150e+01
-8.814999999999969305e+01
7.335000000000002274e+01
5.379999999999997584e+01
-3.144999999999951967e+01
5.919999999999999574e+01
-5.530000000000019327e+02
2.535000000000019682e+01
7.415000000000000568e+01
-4.138000000000018872e+02
-1.294999999999944151e+01
3.415000000000017621e+01
5.979999999999999005e+01
-2.583500000000003070e+02
3.600000000000136424e+00
4.399999999999999289e+01
4.464999999999997726e+01
6.890000000000000568e+01
5.679999999999996163e+01
1.900000000000000711e+01
-6.149999999999721467e+00
4.539999999999999858e+01
-1.004499999999996476e+02
7.315000000000000568e+01
7.829999999999999716e+01
6.715000000000003411e+01
-3.784999999999983089e+01
-4.694999999999993179e+01
1.275000000000002132e+01
-1.122200000000005275e+03
7.234999999999999432e+01
4.789999999999999858e+01
-1.935000000000002984e+01
-5.979999999999975557e+01
9.499999999999744205e-01
7.249999999999962697e+00
7.250000000000002842e+01
5.904999999999998295e+01
-2.899999999999977263e+00
-1.688499999999999659e+02
3.150000000000126477e+00
4.394999999999999574e+01
-2.066999999999996191e+02
-5.529999999999982663e+01
-3.159999999999934062e+01
-7.139999999999999147e+01
6.050000000000000000e+01
-1.250499999999998693e+02
6.540000000000000568e+01
3.794999999999998153e+01
-8.079999999999971294e+01
-5.899999999999977263e+01
-7.483500000000038881e+02
6.304999999999999716e+01
-4.739000000000027626e+02
-2.180000000000001137e+01
-3.574999999999999289e+01
-4.639999999999976410e+01
3.049999999999993250e+01
5.954999999999999716e+01
-2.476499999999997215e+02
-1.352499999999992895e+02
5.184999999999999432e+01
3.884999999999999432e+01
7.400000000000002842e+01
4.699999999999998579e+01
-6.725000000000004263e+01
-9.450000000000009948e+00
-3.155000000000001137e+01
3.630000000000001137e+01
7.354999999999998295e+01
-2.814999999999990621e+01
-2.854999999999999716e+01
6.914999999999999147e+01
-1.547999999999999829e+02
3.630000000000004690e+01
2.709999999999995879e+01
-1.219999999999951257e+01
-9.699999999999981526e+00
-6.234999999999998010e+01
4.209999999999995168e+01
-4.249000000000017394e+02
-3.200000000000009948e+00
-4.875000000000039790e+02
-6.861499999999983856e+02
6.544999999999996021e+01
-5.524999999999963052e+01
3.344999999999999574e+01
-7.499999999999893419e+00
3.639999999999995595e+01
-2.870000000000000284e+01
7.479999999999998295e+01
-2.289999999999977831e+01
6.530000000000001137e+01
5.320000000000003837e+01
-3.294999999999950546e+01
6.979999999999999716e+01
7.975000000000000000e+01
2.909999999999998010e+01
-3.419999999999981100e+01
1.155000000000014104e+01
-8.945000000000000284e+01
-1.328499999999997385e+02
3.474999999999998579e+01
5.759999999999996589e+01
-3.671000000000011028e+02
4.535000000000000142e+01
6.444999999999996021e+01
4.234999999999998010e+01
6.449999999999961986e+00
-2.180500000000002672e+02
-9.539999999999996305e+01
4.284999999999999432e+01
6.005000000000001137e+01
4.519999999999996021e+01
4.575000000000000711e+01
6.984999999999999432e+01
5.455000000000000426e+01
2.635000000000001208e+01
5.560000000000000142e+01
6.909999999999999432e+01
4.489999999999997016e+01
6.885000000000002274e+01
5.919999999999998863e+01
3.249999999999996447e+01
-1.547000000000010402e+02
1.600000000000023803e+01
5.769999999999997442e+01
4.360000000000002274e+01
7.070000000000001705e+01
-1.589999999999997726e+01
5.455000000000000426e+01
-7.964999999999984936e+01
5.410000000000000142e+01
7.064999999999999147e+01
-2.436000000000006764e+02
-1.650499999999992724e+02
5.079999999999997584e+01
-1.912499999999987494e+02
5.254999999999999005e+01
6.600000000000002842e+01
2.220000000000019114e+01
4.889999999999999147e+01
6.824999999999997158e+01
2.489999999999996660e+01
4.739999999999999858e+01
4.855000000000001137e+01
6.724999999999997158e+01
6.500000000000001421e+01
-1.290000000000004121e+01
2.155000000000006821e+01
4.919999999999998863e+01
-9.034999999999973852e+01
8.675000000000002842e+01
5.529999999999999716e+01
2.640000000000003055e+01
3.915000000000001279e+01
2.845000000000003126e+01
2.639999999999999147e+01
-6.334999999999983800e+01
3.370000000000000995e+01
-5.802000000000031150e+02
-7.414999999999918145e+01
1.800000000000281375e+00
-2.654999999999976268e+01
-4.549999999999974420e+01
3.939999999999995595e+01
-9.864999999999984936e+01
2.539999999999998437e+01
5.019999999999998863e+01
-7.339999999999960778e+01
-1.564999999999974278e+01
5.329999999999999716e+01
-1.549999999999971578e+01
2.404999999999996163e+01
5.474999999999997868e+01
7.320000000000000284e+01
8.399999999999963052e+00
-2.778500000000000796e+02
-2.009999999999979536e+01
8.030000000000001137e+01
5.949999999999999289e+00
1.175000000000000711e+01
8.504999999999999716e+01
7.204999999999998295e+01
8.025000000000000000e+01
4.389999999999998437e+01
-2.279999999999998295e+01
2.765000000000004832e+01
-6.018000000000060936e+02
3.620000000000003126e+01
2.950000000000000355e+01
5.954999999999999716e+01
-1.702500000000010800e+02
6.975000000000000000e+01
-6.800000000000054001e+00
8.500000000000005329e+00
3.485000000000000142e+01
-2.947000000000005002e+02
6.720000000000004547e+01
6.300000000000001421e+01
3.949999999999994316e+01
4.144999999999994600e+01
4.004999999999998295e+01
3.929999999999999716e+01
5.394999999999999574e+01
1.789999999999989555e+01
4.495000000000000284e+01
6.969999999999998863e+01
2.424999999999999289e+01
-8.629999999999992610e+01
-2.760500000000003524e+02
7.950000000000000000e+01
5.544999999999996732e+01
2.085000000000001208e+01
5.669999999999998863e+01
7.490000000000001990e+01
4.369999999999998863e+01
2.585000000000000853e+01
2.435000000000002984e+01
4.370000000000000284e+01
2.149999999999991473e+00
4.744999999999995310e+01
4.814999999999996305e+01
7.030000000000001137e+01
7.440000000000000568e+01
3.474999999999992895e+01
6.810000000000002274e+01
-1.029999999999998863e+02
2.289999999999999147e+01
6.085000000000001563e+01
-8.010000000000002274e+01
4.419999999999997442e+01
7.334999999999999432e+01
1.040000000000001279e+01
4.399999999999997158e+01
3.419999999999998863e+01
-3.161500000000008299e+02
3.439999999999992042e+01
4.145000000000008100e+01
1.119999999999999396e+01
6.399999999999997158e+01
6.680000000000001137e+01
-4.510000000000005116e+01
-6.944000000000006594e+02
-3.449999999999999289e+01
6.474999999999998579e+01
6.515000000000000568e+01
4.870000000000000995e+01
4.675000000000000711e+01
4.824999999999999289e+01
-1.548499999999997385e+02
7.600000000000000000e+01
4.754999999999997584e+01
-1.449999999999998010e+02
6.719999999999996021e+01
-6.569999999999926388e+01
5.909999999999999432e+01
3.280000000000001137e+01
7.615000000000000568e+01
2.940000000000001990e+01
5.474999999999999289e+01
1.470000000000000995e+01
4.615000000000000568e+01
-1.269999999999989626e+01
-3.102000000000014097e+02
6.450000000000000000e+01
4.575000000000000000e+01
4.869999999999996021e+01
4.409999999999999432e+01
5.450000000000000711e+01
3.200000000000018474e+01
4.599999999999998579e+01
-7.168500000000017280e+02
-1.930500000000010061e+02
-2.471499999999998352e+02
7.475000000000000000e+01
4.050000000000005684e+01
6.400000000000060751e+00
7.445000000000001705e+01
-3.300500000000009777e+02
-3.337000000000019782e+02
5.955000000000001847e+01
5.379999999999999716e+01
4.154999999999999716e+01
4.955000000000001137e+01
-3.570000000000000995e+01
2.895000000000000284e+01
1.280000000000012328e+01
4.605000000000001137e+01
3.724999999999997158e+01
5.990000000000001279e+01
6.710000000000000853e+01
7.884999999999999432e+01
5.779999999999999716e+01
4.315000000000001279e+01
2.814999999999994884e+01
6.984999999999999432e+01
6.974999999999997158e+01
2.310000000000001563e+01
5.425000000000000000e+01
3.689999999999998437e+01
1.930000000000000426e+01
-7.999999999999900524e-01
-1.824999999999929656e+01
-5.000000000000071054e-01
6.945000000000000284e+01
5.080000000000000426e+01
-4.705000000000017053e+02
-8.374999999999950262e+01
5.959999999999999432e+01
2.704999999999999716e+01
3.269999999999997442e+01
6.730000000000001137e+01
-3.384999999999962483e+01
4.455000000000001137e+01
6.949999999999997158e+01
-7.309999999999951115e+01
5.160000000000000142e+01
1.130000000000001847e+01
-2.124000000000004036e+02
3.750000000000071054e+00
-6.859999999999995168e+01
-3.520000000000005258e+01
6.209999999999998721e+01
4.254999999999990479e+01
3.605000000000007532e+01
1.274999999999995559e+01
3.000000000000000000e+00
6.379999999999995453e+01
2.450000000000066791e+00
1.140000000000018332e+01
5.475000000000001421e+01
-3.114999999999973568e+01
6.630000000000001137e+01
1.295000000000000284e+01
7.264999999999996305e+01
1.975000000000014211e+01
3.200000000000216005e+00
5.399999999999998579e+01
7.395000000000001705e+01
-1.602499999999996021e+02
5.305000000000001137e+01
5.520000000000002416e+01
-1.610999999999996533e+02
1.890000000000007674e+01
8.315000000000000568e+01
1.900000000000012790e+00
6.454999999999998295e+01
6.345000000000002416e+01
6.639999999999997726e+01
6.154999999999998295e+01
6.474999999999998579e+01
4.925000000000000000e+01
5.675000000000006395e+01
-1.313499999999998238e+02
-8.334999999999929798e+01
-1.228000000000000398e+02
4.475000000000001421e+01
5.044999999999996021e+01
4.429999999999999005e+01
-1.833000000000002956e+02
6.910000000000000853e+01
-1.219999999999998153e+01
-2.289999999999997016e+01
3.449999999999995737e+00
-1.331499999999994088e+02
3.940000000000006963e+01
-1.454500000000001592e+02
4.339999999999997726e+01
-3.396000000000013301e+02
6.940000000000000568e+01
-6.425500000000013188e+02
4.665000000000000568e+01
4.470000000000001705e+01
4.074999999999997158e+01
5.810000000000003695e+01
-7.150500000000055252e+02
-3.108999999999996930e+02
4.550000000000000000e+01
4.395000000000000995e+01
4.609999999999996589e+01
3.595000000000005258e+01
3.729999999999999716e+01
7.344999999999997442e+01
3.925000000000004263e+01
-4.299999999999980815e+01
-9.344999999999990337e+01
-2.599999999999977973e+01
1.499999999999978684e+00
5.954999999999999005e+01
5.955000000000000426e+01
-9.895000000000010232e+01
4.450000000000001421e+01
-6.454500000000033424e+02
3.464999999999999147e+01
7.500000000000000000e+01
5.550000000000002132e+01
3.494999999999993889e+01
-8.134999999999996589e+01
-2.474999999999945999e+01
2.300000000000031264e+01
5.319999999999998153e+01
4.089999999999998437e+01
-9.549999999999997158e+00
-2.820999999999997385e+02
-4.244999999999951967e+01
3.979999999999999005e+01
-8.639999999999983515e+01
-2.823500000000007617e+02
3.745000000000000995e+01
5.164999999999999147e+01
3.209999999999998010e+01
-3.819999999999997442e+01
4.325000000000002842e+01
-3.160000000000002274e+01
-1.899999999999975842e+01
4.684999999999995168e+01
-2.639500000000005571e+02
1.134999999999998899e+01
-1.040999999999994685e+02
1.104999999999999005e+01
1.079999999999999716e+01
2.134999999999999076e+01
3.119999999999999929e+01
-1.626499999999999204e+02
2.270000000000004547e+01
5.855000000000001137e+01
2.044999999999998863e+01
5.609999999999998010e+01
2.800000000000117950e+00
4.455000000000001137e+01
-8.899999999999998579e+00
6.179999999999999716e+01
8.750000000000060396e+00
6.450000000000000000e+01
6.639999999999997726e+01
1.245000000000000995e+01
3.690000000000000568e+01
8.165000000000000568e+01
5.000000000000001421e+01
4.909999999999995879e+01
6.195000000000000995e+01
7.270000000000004547e+01
-7.139999999999957936e+01
-1.432999999999993861e+02
-1.694999999999968310e+01
-1.607000000000005855e+02
8.294999999999998863e+01
6.380000000000001847e+01
5.465000000000000568e+01
-9.234999999999984084e+02
6.395000000000002416e+01
-6.194999999999991047e+01
6.725000000000000000e+01
3.250000000000000000e+01
5.100000000000001421e+01
-2.330500000000000682e+02
4.424999999999997158e+01
6.514999999999999147e+01
3.294999999999997442e+01
4.399999999999997868e+01
6.229999999999996874e+01
7.505000000000001137e+01
4.565000000000000568e+01
7.059999999999999432e+01
-2.610500000000004661e+02
6.489999999999997726e+01
7.525000000000000000e+01
8.325000000000001421e+01
5.924999999999994316e+01
8.205000000000001137e+01
3.490000000000000568e+01
4.250000000000010658e+00
-6.511000000000042292e+02
5.459999999999998721e+01
7.275000000000001421e+01
4.965000000000002700e+01
-4.947000000000021487e+02
9.450000000000027711e+00
6.509999999999999432e+01
-2.075500000000008924e+02
1.630000000000000071e+01
3.350000000000186162e+00
-6.332999999999990450e+02
6.310000000000004405e+01
5.454999999999996163e+01
1.950000000000081002e+00
7.965000000000000568e+01
4.789999999999995595e+01
7.000000000000000000e+01
-4.367500000000036948e+02
-2.169999999999996874e+02
-4.199999999999997158e+01
5.539999999999999858e+01
3.899999999999999289e+01
5.885000000000000853e+01
1.849999999999995026e+01
5.434999999999999432e+01
3.264999999999997726e+01
5.334999999999998010e+01
-1.198499999999994543e+02
5.844999999999998863e+01
1.599999999999996447e+01
-2.679000000000009436e+02
3.315000000000001990e+01
7.809999999999996589e+01
-6.434999999999958220e+01
-1.079999999999979821e+01
5.844999999999998153e+01
7.465000000000000568e+01
6.150000000000156675e+00
6.390000000000001279e+01
-4.136500000000016826e+02
-1.556999999999998465e+02
7.690000000000000568e+01
5.535000000000000142e+01
6.395000000000000284e+01
3.569999999999999574e+01
-1.149349999999999000e+03
3.944999999999996021e+01
-2.999999999999758415e-01
-9.049999999999869260e+00
-3.222500000000002842e+02
-2.969999999999976836e+01
3.209999999999994458e+01
