-5.970100000000052205e+03
-5.668000000000069122e+03
-6.865300000000005639e+03
-5.879900000000050568e+03
-4.863350000000072214e+03
-5.575000000000085493e+03
-4.422300000000052933e+03
-2.892250000000011823e+03
-6.098150000000099681e+03
-4.141050000000031105e+03
-4.070249999999999091e+03
-6.576850000000024920e+03
-5.024650000000096952e+03
-4.347200000000066211e+03
-5.073800000000026557e+03
-4.826350000000068576e+03
-5.463150000000077853e+03
-6.981500000000024556e+03
-3.780300000000003365e+03
-4.406699999999989814e+03
-6.634400000000011460e+03
-7.039300000000016553e+03
-6.211950000000037107e+03
-5.761600000000138607e+03
-6.792700000000083492e+03
-4.546400000000058753e+03
-4.781400000000049658e+03
-5.052250000000052751e+03
-4.002100000000021737e+03
-5.711700000000026193e+03
-6.310100000000083128e+03
-5.905450000000079854e+03
-6.514200000000060754e+03
-5.125050000000069303e+03
-5.112700000000110776e+03
-3.500750000000005457e+03
-6.851050000000019281e+03
-6.512050000000041109e+03
-4.537600000000043110e+03
-5.298900000000104228e+03
-6.265250000000080036e+03
-5.356400000000067848e+03
-5.408300000000137516e+03
-6.517750000000052751e+03
-6.207149999999989632e+03
-4.466700000000099863e+03
-5.631450000000048021e+03
-4.248800000000049295e+03
-3.999450000000056662e+03
-6.306800000000032924e+03
-6.089550000000044747e+03
-6.233650000000164255e+03
-6.188150000000025102e+03
-5.699850000000178625e+03
-5.059700000000018008e+03
-4.414150000000071486e+03
-5.451750000000065484e+03
-4.959300000000015643e+03
-4.906850000000110413e+03
-3.969400000000068303e+03
-6.453450000000081673e+03
-6.182450000000153523e+03
-4.775650000000014188e+03
-5.506200000000137152e+03
-5.651750000000055479e+03
-6.270700000000032560e+03
-4.257350000000004002e+03
-6.172100000000009459e+03
-6.638300000000038381e+03
-6.448550000000193904e+03
-4.794150000000026921e+03
-6.352600000000167711e+03
-6.537800000000019281e+03
-6.383750000000000000e+03
-5.648800000000157524e+03
-3.831300000000045202e+03
-6.428550000000039290e+03
-3.951149999999994179e+03
-6.060700000000229011e+03
-4.375050000000023829e+03
-3.977650000000020555e+03
-6.148800000000029286e+03
-4.430250000000021828e+03
-4.443000000000022737e+03
-5.384350000000088585e+03
-4.640900000000016917e+03
-5.679250000000025466e+03
-5.873700000000061664e+03
-5.267400000000072396e+03
-6.754450000000013461e+03
-4.784150000000039654e+03
-3.890450000000061209e+03
-4.132500000000069122e+03
-4.123200000000049840e+03
-4.384800000000003820e+03
-5.687900000000146065e+03
-4.741650000000004184e+03
-5.364850000000024011e+03
-5.917750000000180080e+03
-5.572750000000014552e+03
-6.101100000000107684e+03
-4.065350000000044929e+03
-6.234750000000046384e+03
-5.579450000000131695e+03
-5.752300000000045657e+03
-6.110250000000011823e+03
-6.077050000000027467e+03
-5.881000000000040927e+03
-6.324550000000028376e+03
-1.008399999999996726e+04
-5.424150000000048749e+03
-5.896050000000088403e+03
-5.983150000000059663e+03
-4.671850000000007640e+03
-4.527700000000058026e+03
-5.938250000000025466e+03
-6.061950000000038926e+03
-3.607450000000019372e+03
-5.169750000000058208e+03
-3.458300000000001546e+03
-3.654050000000001546e+03
-6.053850000000089494e+03
-5.095900000000023283e+03
-4.841100000000007640e+03
-4.586400000000067848e+03
-5.946950000000082582e+03
-5.101650000000145155e+03
-4.858950000000038017e+03
-3.880950000000040745e+03
-6.044600000000065847e+03
-4.990250000000001819e+03
-6.412550000000002910e+03
-4.181750000000007276e+03
-6.165950000000074397e+03
-5.633950000000149885e+03
-6.469750000000160071e+03
-5.417050000000121145e+03
-3.856350000000018554e+03
-6.583900000000195178e+03
-4.215450000000039836e+03
-4.725150000000003274e+03
-6.108000000000064574e+03
-4.246650000000017826e+03
-6.381400000000200635e+03
-5.435250000000080945e+03
-6.267300000000022919e+03
-5.773350000000165892e+03
-5.889100000000066757e+03
-3.971650000000056480e+03
-3.872550000000007003e+03
-5.232200000000011642e+03
-5.302750000000059117e+03
-4.750300000000102045e+03
-6.329600000000057662e+03
-5.292300000000009277e+03
-5.273800000000034743e+03
-5.742900000000096043e+03
-5.969600000000154978e+03
-3.947050000000017917e+03
-5.730550000000075670e+03
-4.377300000000031105e+03
-4.578600000000004911e+03
-6.355050000000038381e+03
-5.424750000000090949e+03
-6.205150000000060572e+03
-5.835550000000095679e+03
-4.353950000000051659e+03
-5.402500000000157343e+03
-3.280399999999990087e+03
-5.444100000000033106e+03
-5.723250000000150067e+03
-5.148450000000024374e+03
-3.940600000000006276e+03
-5.453150000000033288e+03
-6.584700000000007094e+03
-4.385150000000071486e+03
-5.963200000000144428e+03
-5.959800000000085674e+03
-6.272450000000021646e+03
-5.904550000000136606e+03
-4.248350000000072214e+03
-4.424000000000024556e+03
-6.320200000000017099e+03
-5.853650000000070577e+03
-6.090050000000166619e+03
-5.642650000000016007e+03
-3.636550000000004729e+03
-5.971850000000050386e+03
-5.637350000000110413e+03
-4.105700000000002547e+03
-5.212600000000084037e+03
-6.314500000000009095e+03
-6.056000000000034561e+03
-5.244650000000056934e+03
-4.633450000000003456e+03
-3.387650000000004184e+03
-5.027650000000147884e+03
-5.961850000000171349e+03
-6.780650000000148793e+03
-6.279350000000186810e+03
-3.276550000000030650e+03
-3.888350000000055388e+03
-6.251100000000166801e+03
-6.139050000000013824e+03
-5.780950000000108957e+03
-5.468150000000040563e+03
-5.577500000000179170e+03
-6.053250000000020009e+03
-5.714000000000172804e+03
-5.313200000000038017e+03
-3.683750000000007276e+03
-4.425300000000067485e+03
-4.964100000000114051e+03
-5.628350000000054933e+03
-5.094800000000064756e+03
-3.838150000000046020e+03
-4.706400000000013279e+03
-5.556800000000013824e+03
-6.395600000000014006e+03
-5.218350000000084947e+03
-5.786200000000023465e+03
-6.358850000000057662e+03
-3.709599999999999454e+03
-5.657400000000072396e+03
-4.376750000000055479e+03
-5.762250000000165528e+03
-3.691299999999998363e+03
-5.164000000000011823e+03
-6.558150000000046020e+03
-3.190749999999992724e+03
-5.980450000000050750e+03
-6.029249999999997272e+03
-5.609550000000174805e+03
-6.359300000000166619e+03
-3.321099999999995816e+03
-2.826750000000007276e+03
-5.298900000000023283e+03
-4.261300000000016553e+03
-4.648500000000085493e+03
-3.278049999999991542e+03
-5.291750000000145519e+03
-6.074550000000023829e+03
-4.065799999999996999e+03
-5.911750000000004547e+03
-4.184500000000036380e+03
-5.930500000000117325e+03
-5.385900000000073305e+03
-5.448650000000013279e+03
-5.917350000000099499e+03
-5.670250000000073669e+03
-5.347050000000011096e+03
-5.542700000000080763e+03
-5.324800000000122054e+03
-4.057850000000054479e+03
-4.323350000000062209e+03
-5.754550000000030195e+03
-5.253950000000032560e+03
-3.991600000000043110e+03
-5.491000000000057298e+03
-2.562799999999998363e+03
-4.235250000000032742e+03
-5.590150000000094224e+03
-5.450850000000044020e+03
-5.833450000000060754e+03
-5.251400000000041473e+03
-3.657699999999998909e+03
-6.035850000000039472e+03
-5.583100000000026739e+03
-3.322099999999994907e+03
-3.891800000000059299e+03
-4.592300000000059299e+03
-5.914700000000018917e+03
-4.101550000000023829e+03
-4.482800000000032924e+03
-5.113300000000035652e+03
-4.914500000000063665e+03
-5.441200000000062573e+03
-5.650350000000090404e+03
-4.986650000000116961e+03
-4.528550000000057480e+03
-4.419050000000071122e+03
-5.981050000000125692e+03
-1.048839999999993597e+04
-4.645750000000044565e+03
-3.218699999999993452e+03
-3.963800000000002456e+03
-6.181050000000042928e+03
-4.863400000000087857e+03
-4.558450000000072578e+03
-4.996450000000003456e+03
-4.271850000000054933e+03
-5.343450000000030741e+03
-5.969600000000005821e+03
-4.713150000000129694e+03
-6.343300000000186628e+03
-5.102800000000039290e+03
-4.234199999999998909e+03
-5.342350000000058571e+03
-4.685400000000054206e+03
-3.616350000000008095e+03
-5.344600000000071304e+03
-5.815250000000029104e+03
-3.758050000000037471e+03
-4.611850000000080399e+03
-5.066200000000031650e+03
-4.059200000000065756e+03
-6.087300000000014734e+03
-5.991850000000027649e+03
-4.889000000000102773e+03
-5.714400000000011460e+03
-5.877400000000035106e+03
-4.519150000000006912e+03
-5.658200000000006185e+03
-3.979950000000028012e+03
-5.221850000000134060e+03
-6.165150000000106957e+03
-4.578000000000007276e+03
-5.299250000000022737e+03
-4.964700000000043474e+03
-5.989500000000030013e+03
-4.706250000000081855e+03
-4.970400000000043292e+03
-5.477750000000134605e+03
-6.190500000000190994e+03
-5.532250000000055479e+03
-6.242550000000155705e+03
-4.166000000000065484e+03
-5.590550000000113869e+03
-5.175050000000013824e+03
-5.553350000000039472e+03
-4.361950000000019827e+03
-5.146200000000109867e+03
-5.858350000000014916e+03
-5.905600000000007640e+03
-6.127650000000006912e+03
-5.697400000000036925e+03
-4.595050000000107502e+03
-4.919350000000029468e+03
-5.872300000000051114e+03
-6.352200000000067121e+03
-4.699750000000107320e+03
-4.264550000000046566e+03
-4.636950000000053478e+03
-5.281900000000017826e+03
-5.239200000000023465e+03
-6.338500000000065484e+03
-5.824400000000005093e+03
-4.671200000000064392e+03
-5.385600000000124055e+03
-5.621950000000144428e+03
-5.897350000000010368e+03
-3.954600000000018099e+03
-5.796400000000009641e+03
-4.823850000000016735e+03
-4.970600000000125874e+03
-3.804350000000001728e+03
-6.031600000000005821e+03
-5.166350000000081309e+03
-6.251600000000039472e+03
-4.188999999999999091e+03
-5.360150000000089676e+03
-3.987800000000043383e+03
-5.049450000000031650e+03
-5.324150000000147884e+03
-4.112850000000038563e+03
-4.685700000000049840e+03
-3.884500000000057298e+03
-5.686500000000058208e+03
-5.081750000000080945e+03
-5.654950000000015280e+03
-4.100500000000065484e+03
-5.733500000000094587e+03
-5.667700000000137152e+03
-4.740250000000058208e+03
-4.939250000000020009e+03
-4.889400000000091495e+03
-5.972050000000016553e+03
-3.776050000000033833e+03
-4.069050000000063847e+03
-6.002450000000074397e+03
-5.858600000000128603e+03
-4.967750000000141881e+03
-5.623400000000087857e+03
-4.256250000000015461e+03
-4.894200000000100772e+03
-3.879550000000038381e+03
-5.688150000000019645e+03
-4.919500000000075488e+03
-4.060900000000046930e+03
-5.372400000000048749e+03
-6.180350000000040382e+03
-5.662650000000020555e+03
-4.441800000000062937e+03
-6.035900000000020555e+03
-4.851750000000022737e+03
-5.794650000000025102e+03
-5.891500000000065484e+03
-5.535300000000105683e+03
-4.309200000000038926e+03
-5.626750000000006366e+03
-4.417600000000073123e+03
-4.620800000000010186e+03
-2.787099999999996726e+03
-5.178500000000040018e+03
-4.535600000000047658e+03
-5.901400000000014188e+03
-4.051450000000004820e+03
-5.341750000000098225e+03
-4.323850000000028558e+03
-2.884849999999989905e+03
-4.227100000000051296e+03
-5.722350000000090404e+03
-5.098850000000087675e+03
-5.604450000000090768e+03
-6.016000000000161890e+03
-5.082450000000065302e+03
-4.934600000000060390e+03
-4.007750000000022737e+03
-3.754900000000013279e+03
-5.117000000000013642e+03
-4.941000000000140972e+03
-5.893750000000004547e+03
-5.597600000000102227e+03
-4.784250000000001819e+03
-4.559650000000077853e+03
-5.274300000000002910e+03
-5.591850000000025830e+03
-5.208200000000096225e+03
-3.400950000000019827e+03
-4.255850000000054024e+03
-5.019850000000004911e+03
-5.392950000000045293e+03
-4.821550000000010186e+03
-4.906650000000031469e+03
-4.883200000000098953e+03
-5.110250000000036380e+03
-5.644450000000073487e+03
-5.570849999999998545e+03
-5.227750000000034561e+03
-5.843350000000099499e+03
-3.450299999999993815e+03
-5.922100000000035834e+03
-4.173000000000047294e+03
-4.257100000000074033e+03
-4.078050000000094315e+03
-5.421600000000003092e+03
-4.662100000000069485e+03
-5.064300000000125692e+03
-6.089850000000034015e+03
-4.884450000000008913e+03
-4.635000000000097316e+03
-5.103150000000031469e+03
-4.154450000000030741e+03
-5.117650000000038744e+03
-4.277700000000045293e+03
-5.017800000000068394e+03
-5.328900000000055115e+03
-5.656800000000061118e+03
-5.775450000000032560e+03
-5.022350000000138607e+03
-5.333300000000080217e+03
-3.531050000000016098e+03
-3.477199999999990723e+03
-5.542900000000055115e+03
-3.749400000000008731e+03
-3.659850000000003092e+03
-4.757700000000033469e+03
-4.437000000000045475e+03
-5.392500000000068212e+03
-4.333700000000042564e+03
-3.693800000000032924e+03
-5.834150000000018736e+03
-4.430950000000023465e+03
-3.805200000000001637e+03
-5.121500000000038199e+03
-5.549700000000050750e+03
-5.282100000000149521e+03
-5.692800000000065666e+03
-4.439000000000059117e+03
-5.007749999999996362e+03
-3.784350000000063574e+03
-3.899300000000006094e+03
-5.558750000000017280e+03
-2.950200000000005275e+03
-5.314950000000121690e+03
-4.040100000000006276e+03
-5.595100000000007640e+03
-4.305850000000023101e+03
-5.326950000000071668e+03
-5.673950000000063483e+03
-3.979700000000046657e+03
-5.024600000000009459e+03
-4.842550000000085674e+03
-5.300800000000026557e+03
-5.500500000000111868e+03
-3.224350000000024920e+03
-5.692050000000066575e+03
-4.635150000000056934e+03
-4.411000000000080945e+03
-3.880650000000056934e+03
-4.887950000000057116e+03
-5.954300000000021100e+03
-5.188200000000017099e+03
-5.041400000000029650e+03
-3.608000000000044565e+03
-5.703150000000038744e+03
-4.804450000000092587e+03
-5.587150000000011460e+03
-3.321950000000013006e+03
-4.806850000000019463e+03
-4.316550000000008367e+03
-4.194850000000014916e+03
-4.560250000000048203e+03
-5.422250000000085493e+03
-5.305400000000012369e+03
-5.470250000000088221e+03
-5.425100000000032196e+03
-3.678700000000038017e+03
-4.292550000000054752e+03
-4.821800000000065666e+03
-5.240200000000044383e+03
-5.979750000000146429e+03
-4.861550000000075670e+03
-5.668300000000020191e+03
-5.322450000000078035e+03
-5.718400000000152431e+03
-4.750850000000031287e+03
-3.990750000000070031e+03
-1.474789999999981592e+04
-4.894100000000104956e+03
-4.347100000000002183e+03
-4.110750000000055479e+03
-5.323450000000092587e+03
-4.020900000000056025e+03
-5.444950000000018917e+03
-5.559050000000053842e+03
-5.142850000000060390e+03
-3.764000000000035470e+03
-4.442550000000009277e+03
-4.448100000000057662e+03
-4.416750000000074579e+03
-5.621950000000015280e+03
-5.650700000000055297e+03
-4.514100000000031287e+03
-5.829300000000009277e+03
-3.258099999999993997e+03
-5.518350000000128603e+03
-3.473450000000022555e+03
-4.808450000000083492e+03
-5.293600000000024920e+03
-3.601750000000041837e+03
-5.382250000000017280e+03
-4.972450000000085311e+03
-4.040600000000066302e+03
-3.849250000000046384e+03
-4.189600000000039472e+03
-5.623450000000008004e+03
-5.181950000000071668e+03
-5.019350000000076761e+03
-3.655449999999997544e+03
-3.453599999999993088e+03
-4.334300000000041109e+03
-4.909500000000017280e+03
-3.670200000000032560e+03
-3.875700000000034379e+03
-4.343100000000034925e+03
-4.853800000000061118e+03
-4.599750000000010004e+03
-3.605700000000008458e+03
-5.058550000000047476e+03
-4.663400000000012369e+03
-3.723500000000052751e+03
-3.511600000000010368e+03
-5.056500000000003638e+03
-5.207000000000010004e+03
-4.434300000000047476e+03
-4.545050000000060209e+03
-4.802750000000114596e+03
-5.781650000000026921e+03
-4.768050000000060209e+03
-3.957950000000017099e+03
-4.254750000000053660e+03
-3.481000000000032742e+03
-5.053650000000062391e+03
-3.660550000000031105e+03
-5.836400000000157888e+03
-4.978350000000067666e+03
-4.535200000000035288e+03
-3.781149999999994634e+03
-5.176400000000015098e+03
-3.141150000000000091e+03
-4.943050000000047476e+03
-2.733799999999995634e+03
-4.124900000000005093e+03
-4.390000000000048203e+03
-2.859300000000001091e+03
-4.830000000000055479e+03
-4.823800000000056571e+03
-5.121450000000143518e+03
-4.380850000000014916e+03
-3.441400000000028285e+03
-3.890050000000052933e+03
-5.436750000000090949e+03
-3.481250000000007276e+03
-4.830350000000014916e+03
-5.481900000000043292e+03
-5.533800000000023829e+03
-4.471450000000051659e+03
-5.047200000000035288e+03
-3.302049999999997908e+03
-5.381850000000024920e+03
-5.141600000000074942e+03
-5.896250000000027285e+03
-5.445750000000027285e+03
-5.343850000000035834e+03
-4.278250000000050932e+03
-5.412500000000081855e+03
-4.533450000000029831e+03
-4.679750000000088221e+03
-4.784300000000032924e+03
-3.419650000000027831e+03
-4.847000000000067303e+03
-5.125200000000068940e+03
-2.495850000000006276e+03
-3.596200000000015280e+03
-4.593150000000066939e+03
-3.813050000000047021e+03
-3.840700000000007094e+03
-4.949550000000053842e+03
-3.336600000000016735e+03
-3.655450000000045748e+03
-5.380650000000066029e+03
-4.611100000000083128e+03
-3.427500000000024556e+03
-4.932900000000018736e+03
-4.072700000000056662e+03
-4.360050000000011096e+03
-3.894850000000046748e+03
-3.038249999999995453e+03
-5.131900000000103319e+03
-5.108950000000109867e+03
-4.362900000000065120e+03
-3.421800000000038381e+03
-3.515400000000075579e+03
-5.652900000000153341e+03
-3.449700000000043474e+03
-4.799350000000088585e+03
-5.225250000000020918e+03
-3.289650000000028740e+03
-4.775450000000106229e+03
-5.174950000000079854e+03
-5.465700000000009823e+03
-5.170350000000023101e+03
-2.912800000000006548e+03
-4.147650000000032378e+03
-3.079900000000032378e+03
-5.104500000000021828e+03
-4.264350000000048567e+03
-4.318000000000002728e+03
-4.378200000000033469e+03
-4.305800000000013824e+03
-4.230500000000054570e+03
-4.562400000000069667e+03
-3.832150000000046020e+03
-3.428250000000010004e+03
-5.452049999999996544e+03
-3.515450000000032105e+03
-2.348999999999995453e+03
-4.306900000000029650e+03
-3.535050000000016553e+03
-5.150750000000052751e+03
-4.152700000000048021e+03
-4.148200000000014370e+03
-5.587900000000039654e+03
-4.846000000000071850e+03
-3.594550000000044747e+03
-3.681550000000041564e+03
-5.054100000000082218e+03
-5.072750000000121872e+03
-4.824000000000075488e+03
-5.070700000000025284e+03
-2.482999999999996817e+03
-5.542750000000036380e+03
-5.351800000000035652e+03
-4.462000000000048203e+03
-4.331400000000026921e+03
-3.506000000000013642e+03
-3.558050000000033833e+03
-4.841250000000020009e+03
-3.400100000000025830e+03
-5.294400000000056025e+03
-5.052200000000010732e+03
-3.608850000000043110e+03
-3.598200000000024374e+03
-4.557300000000061118e+03
-4.934950000000054388e+03
-3.716300000000013824e+03
-3.015199999999998909e+03
-3.752450000000017553e+03
-5.388100000000000364e+03
-3.850750000000021373e+03
-5.158600000000021282e+03
-3.344100000000026739e+03
-5.288800000000080217e+03
-4.797000000000040927e+03
-3.290750000000004547e+03
-3.909250000000048203e+03
-4.918800000000052933e+03
-3.057199999999998909e+03
-4.825550000000067485e+03
-5.115950000000085311e+03
-4.393350000000075852e+03
-3.940500000000029559e+03
-4.871400000000054206e+03
-4.309600000000018554e+03
-2.861150000000022374e+03
-8.734599999999962165e+03
-3.193249999999993634e+03
-5.217450000000007094e+03
-5.170950000000048021e+03
-4.312000000000022737e+03
-5.337450000000031650e+03
-3.261099999999989450e+03
-4.793050000000033833e+03
-5.431800000000041109e+03
-5.560750000000018190e+03
-3.900700000000013461e+03
-5.083600000000054024e+03
-4.598800000000002001e+03
-4.043800000000026102e+03
-4.071450000000003456e+03
-5.047300000000069303e+03
-4.822700000000059845e+03
-3.887150000000033742e+03
-5.213900000000018736e+03
-2.875300000000029286e+03
-3.754900000000046020e+03
-3.220249999999988631e+03
-5.036800000000022010e+03
-3.347049999999999727e+03
-3.730900000000046020e+03
-4.673350000000041291e+03
-3.706099999999997181e+03
-4.101549999999988358e+03
-3.873700000000057116e+03
-3.027250000000028649e+03
-4.049649999999999181e+03
-3.150350000000009913e+03
-4.330300000000045657e+03
-3.256000000000018190e+03
-4.772850000000052205e+03
-4.545700000000038926e+03
-3.301049999999986085e+03
-3.744100000000047203e+03
-5.246850000000016735e+03
-3.921150000000007367e+03
-5.119600000000076761e+03
-5.104050000000012005e+03
-3.771300000000058390e+03
-4.160900000000006003e+03
-4.357150000000033288e+03
-5.322050000000048385e+03
-5.063250000000018190e+03
-3.615700000000000273e+03
-4.509600000000032196e+03
-3.213200000000006639e+03
-5.526500000000073669e+03
-3.296199999999993452e+03
-4.934150000000028740e+03
-4.653500000000036380e+03
-3.105100000000018099e+03
-5.161400000000011460e+03
-4.507200000000038017e+03
-3.387550000000010186e+03
-5.165300000000043838e+03
-4.791000000000057298e+03
-4.795000000000035470e+03
-4.038850000000035834e+03
-5.221200000000008004e+03
-3.919200000000020282e+03
-4.105950000000013461e+03
-4.620500000000020918e+03
-2.637350000000011278e+03
-3.928200000000001637e+03
-2.937949999999996180e+03
-4.867350000000086766e+03
-4.701850000000095861e+03
-4.825300000000044747e+03
-5.124550000000030195e+03
-3.839150000000026921e+03
-4.224350000000057662e+03
-4.849150000000031469e+03
-4.598300000000100226e+03
-3.953949999999992087e+03
-3.845850000000010368e+03
-4.731400000000089676e+03
-3.767800000000027921e+03
-3.473550000000014279e+03
-3.593050000000059754e+03
-4.652700000000019827e+03
-4.111750000000021828e+03
-5.213900000000057844e+03
-5.194550000000051114e+03
-4.884500000000055479e+03
-4.466300000000051114e+03
-5.044450000000037107e+03
-2.866350000000009459e+03
-5.239150000000071486e+03
-2.999400000000012369e+03
-3.475350000000018554e+03
-4.563650000000039654e+03
-2.872350000000011278e+03
-4.311800000000032924e+03
-4.230200000000002547e+03
-4.138450000000009823e+03
-3.553600000000025375e+03
-3.173850000000000819e+03
-4.118350000000005821e+03
-4.959850000000104956e+03
-4.262900000000007822e+03
-3.965300000000000637e+03
-4.406550000000073851e+03
-4.306750000000057298e+03
-5.171450000000008004e+03
-4.661100000000031287e+03
-3.422100000000031287e+03
-2.604100000000002183e+03
-4.778200000000052569e+03
-3.031800000000008822e+03
-4.807950000000044383e+03
-4.860000000000040927e+03
-2.622749999999996817e+03
-5.373850000000042201e+03
-4.592700000000048021e+03
-4.545100000000057662e+03
-2.848800000000022010e+03
-4.717500000000124601e+03
-3.316350000000055843e+03
-3.179350000000028103e+03
-2.974400000000000546e+03
-3.889100000000022646e+03
-4.215900000000023283e+03
-2.554099999999999454e+03
-2.831900000000019190e+03
-3.333900000000007367e+03
-3.484499999999993634e+03
-3.359449999999987540e+03
-3.749400000000032833e+03
-3.568549999999997453e+03
-4.340350000000032196e+03
-2.523899999999992815e+03
-2.430850000000002638e+03
-3.583450000000023465e+03
-4.814400000000005093e+03
-4.401450000000052569e+03
-4.145400000000053296e+03
-3.436900000000021464e+03
-3.283050000000041109e+03
-3.820400000000017371e+03
-3.353049999999971533e+03
-4.481450000000028012e+03
-4.424500000000007276e+03
-4.849450000000040745e+03
-3.785750000000040473e+03
-4.391850000000046748e+03
-2.490750000000003183e+03
-2.944349999999989450e+03
-5.016450000000035288e+03
-3.420700000000024829e+03
-3.663900000000005548e+03
-5.019450000000024374e+03
-3.771300000000045202e+03
-3.442050000000006548e+03
-3.841800000000021555e+03
-4.752750000000063665e+03
-4.199049999999999272e+03
-3.212250000000000909e+03
-2.859150000000000091e+03
-4.682450000000028012e+03
-4.805800000000069303e+03
-3.571350000000009004e+03
-4.203949999999997090e+03
-4.305450000000008913e+03
-3.890749999999996817e+03
-4.872400000000013279e+03
-4.848300000000039290e+03
-4.083950000000039836e+03
-5.395600000000070395e+03
-2.527199999999996635e+03
-4.075100000000009004e+03
-4.883050000000018372e+03
-4.518850000000095861e+03
-2.996800000000031105e+03
-3.154600000000005821e+03
-4.822900000000028740e+03
-3.886000000000008640e+03
-3.519950000000015280e+03
-3.043550000000029740e+03
-3.443400000000036016e+03
-3.834950000000028467e+03
-2.941550000000002001e+03
-3.902100000000047203e+03
-4.309850000000016735e+03
-4.657800000000078398e+03
-3.115850000000025830e+03
-4.218350000000075852e+03
-5.169500000000051841e+03
-3.875050000000031559e+03
-4.192300000000030195e+03
-3.005549999999995634e+03
-3.584600000000031287e+03
-2.719650000000000546e+03
-5.029750000000030923e+03
-4.792000000000050022e+03
-5.485850000000028558e+03
-3.702149999999996453e+03
-3.506750000000022283e+03
-3.090000000000000455e+03
-4.737900000000022374e+03
-2.227299999999985630e+03
-4.444150000000021464e+03
-3.855800000000036107e+03
-3.424200000000008913e+03
-3.706100000000036744e+03
-3.169849999999989450e+03
-3.339600000000012642e+03
-2.277000000000002274e+03
-4.301050000000042928e+03
-4.147650000000012369e+03
-4.183450000000023465e+03
-4.204250000000018190e+03
-2.384599999999997635e+03
-5.255550000000053842e+03
-2.127149999999984630e+03
-3.210849999999993997e+03
-5.178800000000005639e+03
-4.675400000000003274e+03
-2.943450000000005275e+03
-3.857900000000018281e+03
-3.242400000000022374e+03
-4.963000000000028194e+03
-3.553850000000008095e+03
-2.405199999999997544e+03
-4.659900000000026921e+03
-4.636900000000035106e+03
-4.056200000000013461e+03
-4.485000000000030013e+03
-4.429200000000046202e+03
-4.763450000000016189e+03
-3.713250000000049113e+03
-3.365950000000040745e+03
-2.828399999999994179e+03
-4.595000000000050932e+03
-3.973600000000016280e+03
-3.651300000000002456e+03
-3.186350000000019918e+03
-3.180800000000004729e+03
-4.019300000000012005e+03
-2.982049999999992906e+03
-4.638000000000031832e+03
-3.325050000000022010e+03
-2.717100000000005366e+03
-3.876650000000005093e+03
-3.322200000000016644e+03
-2.973200000000008004e+03
-4.459050000000024738e+03
-2.269249999999994543e+03
-3.983200000000026193e+03
-3.612100000000015370e+03
-4.105749999999999091e+03
-3.941499999999999545e+03
-4.807900000000026012e+03
-1.064964999999989595e+04
-3.408650000000015552e+03
-4.531100000000017644e+03
-3.880849999999996271e+03
-3.427450000000041655e+03
-4.758100000000021282e+03
-4.057450000000063483e+03
-2.584599999999996726e+03
-4.524300000000019281e+03
-3.001900000000024647e+03
-3.623500000000025011e+03
-4.822500000000061846e+03
-4.360750000000027285e+03
-3.800250000000017280e+03
-3.916300000000007458e+03
-4.025550000000032469e+03
-4.475200000000002547e+03
-2.125049999999998818e+03
-4.908550000000019281e+03
-4.897000000000085493e+03
-4.263600000000046748e+03
-3.025000000000043656e+03
-2.554450000000011187e+03
-3.485500000000043656e+03
-4.649850000000031287e+03
-3.843900000000012369e+03
-3.518350000000048112e+03
-3.827700000000032560e+03
-3.388900000000000546e+03
-4.137800000000004729e+03
-2.615000000000010459e+03
-3.707050000000015643e+03
-3.427400000000031923e+03
-3.299400000000042382e+03
-3.478350000000054024e+03
-3.608700000000039381e+03
-2.959299999999996544e+03
-3.375199999999994361e+03
-3.708950000000032560e+03
-3.771150000000014643e+03
-4.155750000000008185e+03
-3.020250000000022737e+03
-4.296900000000015098e+03
-2.934450000000033015e+03
-3.414750000000020918e+03
-4.632450000000016189e+03
-2.896650000000006912e+03
-2.522549999999999272e+03
-3.066500000000018190e+03
-3.255549999999995634e+03
-4.660900000000073305e+03
-4.621200000000054388e+03
-3.293250000000025921e+03
-2.586049999999997453e+03
-3.277399999999999181e+03
-4.599300000000019281e+03
-2.682650000000018736e+03
-2.735250000000028194e+03
-3.756050000000041109e+03
-4.752700000000020736e+03
-1.752599999999979673e+03
-4.094500000000039563e+03
-4.869650000000047839e+03
-3.333700000000000728e+03
-2.908350000000016735e+03
-4.353650000000005093e+03
-3.848550000000005639e+03
-2.214449999999977535e+03
-4.275600000000028558e+03
-2.746750000000018190e+03
-3.147450000000019827e+03
-4.571450000000029831e+03
-2.982499999999986358e+03
-3.356849999999994907e+03
-2.665800000000006548e+03
-2.505299999999997908e+03
-1.787399999999990996e+03
-4.643750000000007276e+03
-2.363700000000006639e+03
-2.942200000000018463e+03
-2.436099999999988995e+03
-3.961800000000004275e+03
-3.115100000000023101e+03
-4.093900000000006912e+03
-4.691850000000042201e+03
-4.805800000000018372e+03
-3.532049999999998818e+03
-3.987700000000032560e+03
-4.848600000000050386e+03
-4.587700000000008913e+03
-2.813150000000000546e+03
-4.214500000000005457e+03
-3.226899999999992815e+03
-2.714549999999989268e+03
-4.834700000000018917e+03
-4.129150000000050568e+03
-3.677000000000045475e+03
-2.501500000000005912e+03
-2.653699999999997090e+03
-4.122850000000034925e+03
-3.246200000000002092e+03
-2.488600000000000819e+03
-3.141300000000020646e+03
-3.599100000000002638e+03
-2.143199999999981173e+03
-2.877600000000020373e+03
-3.316650000000025557e+03
-4.280750000000016371e+03
-4.260800000000023829e+03
-3.455350000000014006e+03
-3.794550000000022465e+03
-2.818900000000002819e+03
-2.793950000000004820e+03
-4.376750000000034561e+03
-2.923500000000022737e+03
-3.160600000000018099e+03
-2.798150000000012824e+03
-3.110400000000036925e+03
-3.911050000000020191e+03
-2.654049999999997908e+03
-3.068850000000019463e+03
-3.974550000000019281e+03
-4.470250000000003638e+03
-3.159450000000025739e+03
-2.504849999999999000e+03
-2.989850000000000819e+03
-2.394150000000007367e+03
-2.324949999999996180e+03
-4.416200000000018008e+03
-4.145300000000007458e+03
-3.147900000000006003e+03
-3.433550000000017917e+03
-3.574800000000008822e+03
-3.851850000000034470e+03
-4.351400000000012369e+03
-4.758750000000015461e+03
-2.555999999999991815e+03
-4.072900000000017371e+03
-3.709550000000031559e+03
-3.181049999999998818e+03
-3.860950000000020282e+03
-3.160300000000000182e+03
-4.135250000000017280e+03
-2.465499999999991815e+03
-2.570000000000005002e+03
-3.968200000000026193e+03
-3.124899999999997362e+03
-3.013400000000017826e+03
-4.207049999999996544e+03
-3.164599999999995362e+03
-4.303350000000018554e+03
-3.614750000000012733e+03
-4.345800000000004729e+03
-3.109200000000011642e+03
-3.633900000000010550e+03
-3.178450000000028012e+03
-2.063549999999986085e+03
-4.162449999999998909e+03
-4.896700000000028922e+03
-3.258149999999997817e+03
-4.505250000000010914e+03
-3.064550000000035197e+03
-3.236800000000031559e+03
-3.122050000000014734e+03
-4.385450000000020736e+03
-3.135300000000017462e+03
-4.856600000000011278e+03
-4.339900000000018736e+03
-4.407400000000018736e+03
-2.976300000000023829e+03
-2.457799999999993815e+03
-1.638449999999997999e+03
-4.382800000000006548e+03
-2.299850000000004002e+03
-3.002900000000019190e+03
-2.600149999999988268e+03
-4.368600000000007640e+03
-3.339600000000013551e+03
-4.306200000000023465e+03
-4.147950000000018917e+03
-3.209300000000006094e+03
-3.011599999999995362e+03
-3.442550000000001546e+03
-3.922450000000017099e+03
-4.257999999999999091e+03
-3.424650000000006457e+03
-3.270150000000004638e+03
-3.176049999999994725e+03
-2.107349999999991724e+03
-2.764849999999993088e+03
-2.760300000000028376e+03
-3.875900000000011914e+03
-2.376100000000006730e+03
-3.374500000000013188e+03
-4.681050000000032014e+03
-3.303300000000028831e+03
-3.074850000000013097e+03
-3.125650000000034652e+03
-4.694800000000054752e+03
-4.246900000000015098e+03
-4.358500000000003638e+03
-4.474950000000036198e+03
-2.895750000000020009e+03
-3.796849999999997181e+03
-2.335349999999992633e+03
-2.805900000000009641e+03
-3.904850000000015370e+03
-3.962100000000030832e+03
-4.718250000000024556e+03
-3.903100000000015370e+03
-2.832849999999995816e+03
-3.303550000000006094e+03
-3.097850000000033560e+03
-2.961150000000036016e+03
-4.116800000000010186e+03
-3.700150000000012369e+03
-2.737699999999995271e+03
-3.736300000000035652e+03
-3.304650000000000546e+03
-4.185750000000030013e+03
-3.551900000000020555e+03
-3.804100000000000364e+03
-4.861400000000045111e+03
-4.240750000000028194e+03
-4.364150000000014188e+03
-1.653949999999983220e+03
-4.292300000000013824e+03
-1.934199999999982765e+03
-2.276149999999990087e+03
-3.388050000000002910e+03
-1.615249999999985448e+03
-3.570050000000022010e+03
-3.120900000000017826e+03
-2.293699999999998909e+03
-4.383750000000032742e+03
-3.857500000000020918e+03
-2.055099999999995362e+03
-3.928350000000013551e+03
-3.954550000000017462e+03
-2.099049999999993361e+03
-3.444300000000007458e+03
-3.675050000000007458e+03
-2.141399999999988722e+03
-3.754350000000019918e+03
-4.019550000000024284e+03
-2.840800000000036107e+03
-1.531249999999991815e+03
-2.213899999999981901e+03
-2.607050000000000182e+03
-4.323900000000000546e+03
-4.544400000000015098e+03
-2.978850000000003092e+03
-2.906450000000012551e+03
-2.187299999999995180e+03
-2.571850000000013097e+03
-4.230900000000006912e+03
-2.800150000000000091e+03
-2.899250000000006366e+03
-2.396899999999986449e+03
-3.100000000000003638e+03
-4.485150000000009641e+03
-2.802800000000017917e+03
-2.430549999999989723e+03
-3.329600000000040382e+03
-2.132249999999986812e+03
-3.737600000000019918e+03
-4.076100000000013551e+03
-4.118150000000026921e+03
-1.918749999999989086e+03
-3.366950000000004366e+03
-4.110500000000015461e+03
-2.038649999999985994e+03
-1.812899999999988722e+03
-1.320949999999991178e+03
-4.121650000000006912e+03
-3.393349999999988995e+03
-4.304000000000014552e+03
-2.491250000000005912e+03
-4.656150000000001455e+03
-3.981950000000029377e+03
-3.451399999999997817e+03
-3.232900000000010095e+03
-3.370450000000014370e+03
-3.450800000000003365e+03
-2.299999999999994088e+03
-3.714550000000009732e+03
-2.545150000000008276e+03
-3.100050000000026102e+03
-3.577650000000017826e+03
-3.707750000000003638e+03
-2.447249999999985903e+03
-2.384549999999995180e+03
-3.800450000000041655e+03
-1.329699999999993224e+03
-3.376900000000007367e+03
-2.433150000000003729e+03
-4.060650000000017371e+03
-2.309949999999998454e+03
-3.549900000000013279e+03
-4.229150000000037835e+03
-2.601599999999998545e+03
-2.549600000000000819e+03
-4.743050000000020191e+03
-1.844549999999986994e+03
-3.064300000000014734e+03
-4.280850000000025830e+03
-2.581150000000013733e+03
-4.169400000000034197e+03
-2.448900000000016917e+03
-3.686450000000010277e+03
-3.578750000000008640e+03
-4.006000000000034561e+03
-2.095649999999995998e+03
-4.150400000000037835e+03
-3.794950000000006185e+03
-2.426700000000002547e+03
-1.603299999999989950e+03
-2.256799999999995634e+03
-3.457000000000004547e+03
-2.030299999999985175e+03
-4.258250000000043656e+03
-2.751250000000017735e+03
-2.336299999999996999e+03
-1.733599999999988313e+03
-3.039600000000007640e+03
-3.143450000000012551e+03
-3.115550000000008822e+03
-2.501050000000001546e+03
-4.406200000000023465e+03
-2.797050000000009732e+03
-1.695349999999986039e+03
-3.830200000000000728e+03
-3.520400000000032833e+03
-3.947900000000020555e+03
-2.840150000000012369e+03
-2.406649999999995089e+03
-3.046850000000004002e+03
-1.617249999999985448e+03
-3.666100000000021737e+03
-1.845249999999993861e+03
-3.469600000000017189e+03
-3.352000000000038199e+03
-2.719700000000011642e+03
-2.973100000000026739e+03
-3.684950000000027103e+03
-2.505200000000002092e+03
-3.521750000000018645e+03
-1.958299999999994952e+03
-3.750300000000022919e+03
-3.244650000000015098e+03
-3.963150000000009186e+03
-3.980950000000003911e+03
-1.629699999999989814e+03
-3.721300000000035197e+03
-2.784200000000013461e+03
-2.396749999999990450e+03
-3.524600000000020827e+03
-1.732099999999991041e+03
-2.850749999999997272e+03
-3.018750000000020918e+03
-2.962100000000027194e+03
-1.730849999999984675e+03
-4.153900000000019645e+03
-2.242599999999994452e+03
-1.328199999999994361e+03
-1.688899999999988722e+03
-2.923500000000015916e+03
-3.861449999999998454e+03
-2.472399999999973716e+03
-2.012099999999998545e+03
-3.305300000000001546e+03
-2.520199999999999818e+03
-3.788350000000006276e+03
-2.130349999999988540e+03
-3.827950000000008913e+03
-2.988750000000014097e+03
-2.152800000000000637e+03
-3.048700000000013006e+03
-2.693900000000001000e+03
-2.305849999999999909e+03
-1.588099999999985357e+03
-3.653100000000017189e+03
-2.512800000000005184e+03
-3.919550000000006548e+03
-1.450149999999989632e+03
-3.127250000000009550e+03
-3.955700000000015280e+03
-1.679099999999986949e+03
-4.193150000000021464e+03
-1.722999999999987267e+03
-4.258700000000007094e+03
-2.186549999999984720e+03
-3.758750000000045475e+03
-1.937799999999978354e+03
-2.736550000000011551e+03
-2.315049999999995180e+03
-3.800450000000009823e+03
-3.580700000000055297e+03
-3.982950000000024829e+03
-2.268199999999999818e+03
-3.166300000000032924e+03
-2.631650000000021009e+03
-2.635049999999991542e+03
-3.591150000000002365e+03
-3.150000000000010459e+03
-2.291350000000004457e+03
-4.194950000000015280e+03
-1.754099999999985585e+03
-3.845950000000025739e+03
-1.600199999999993224e+03
-3.031650000000002365e+03
-3.348300000000001546e+03
-1.730699999999987085e+03
-1.972149999999993497e+03
-2.815600000000012642e+03
-2.689799999999985630e+03
-2.218000000000000000e+03
-1.290799999999990177e+03
-1.728899999999991678e+03
-2.991450000000027103e+03
-3.942750000000026830e+03
-2.768849999999998090e+03
-2.442050000000001091e+03
-2.434199999999996635e+03
-2.388100000000008549e+03
-2.430399999999996908e+03
-3.233300000000024284e+03
-3.555150000000026921e+03
-2.845750000000017280e+03
-1.765899999999985539e+03
-3.358400000000004638e+03
-3.532650000000013733e+03
-1.180399999999995771e+03
-9.523499999999991132e+02
-3.146300000000005184e+03
-2.944450000000019827e+03
-2.402050000000000637e+03
-3.081050000000003820e+03
-3.843350000000006276e+03
-2.774250000000000455e+03
-3.735950000000009368e+03
-1.720349999999989677e+03
-1.976549999999996317e+03
-4.117250000000012733e+03
-3.288550000000025648e+03
-3.083300000000001091e+03
-4.298400000000036016e+03
-3.771650000000021009e+03
-2.006399999999989404e+03
-1.918699999999995725e+03
-3.698500000000014552e+03
-1.734449999999991633e+03
-2.639249999999996817e+03
-2.096199999999982538e+03
-4.129100000000021282e+03
-2.465449999999998909e+03
-3.756500000000008185e+03
-2.960300000000006548e+03
-2.181999999999998636e+03
-2.584799999999996999e+03
-3.284399999999997817e+03
-2.743300000000009732e+03
-2.565249999999986812e+03
-3.472750000000001364e+03
-2.470949999999994361e+03
-3.176700000000006185e+03
-1.560449999999991860e+03
-1.797299999999989268e+03
-2.317800000000004729e+03
-2.632100000000004911e+03
-4.220850000000029468e+03
-2.038249999999983174e+03
-3.660300000000015189e+03
-2.068599999999999454e+03
-1.983799999999984266e+03
-2.906999999999995453e+03
-2.611700000000017553e+03
-1.468199999999984584e+03
-2.883249999999995453e+03
-1.754149999999997590e+03
-2.086699999999997090e+03
-1.445899999999987585e+03
-3.470950000000015280e+03
-1.601699999999982992e+03
-4.201750000000014552e+03
-1.109299999999996771e+03
-2.568199999999995271e+03
-2.717549999999982901e+03
-1.449399999999993724e+03
-2.773500000000006821e+03
-3.942450000000004820e+03
-2.409400000000013279e+03
-3.949400000000021919e+03
-3.916250000000004547e+03
-2.572950000000012551e+03
-3.398600000000009459e+03
-4.048900000000009186e+03
-3.071800000000003365e+03
-3.826050000000004729e+03
-2.387699999999993906e+03
-2.177349999999990359e+03
-1.289749999999991132e+03
-3.359550000000024284e+03
-4.464599999999987631e+03
-3.362750000000005002e+03
-3.836200000000008458e+03
-1.912599999999975125e+03
-3.697700000000018008e+03
-2.415899999999993270e+03
-1.955199999999985948e+03
-3.496900000000007822e+03
-2.701199999999997999e+03
-1.717249999999993634e+03
-3.115450000000001637e+03
-1.345749999999989313e+03
-2.880400000000005548e+03
-2.542400000000021009e+03
-1.398499999999993179e+03
-3.572750000000014097e+03
-3.455350000000027649e+03
-1.588849999999992860e+03
-1.988749999999983856e+03
-4.097350000000018554e+03
-2.756250000000008185e+03
-3.607500000000021828e+03
-3.857650000000013733e+03
-1.051399999999996226e+03
-1.389299999999991314e+03
-2.637850000000016735e+03
-1.556099999999989222e+03
-2.319649999999995089e+03
-3.004300000000006548e+03
-3.821699999999986176e+03
-2.697249999999988631e+03
-3.586700000000010277e+03
-2.950150000000011005e+03
-2.086449999999991178e+03
-2.241099999999992633e+03
-1.928549999999986767e+03
-2.648749999999986812e+03
-3.034000000000004547e+03
-2.485100000000002638e+03
-2.303149999999993724e+03
-3.341000000000005002e+03
-3.345250000000008640e+03
-2.807949999999996180e+03
-1.757249999999997726e+03
-1.827399999999993724e+03
-2.477949999999998454e+03
-2.267200000000004366e+03
-2.759550000000014279e+03
-2.769100000000016735e+03
-3.008750000000012733e+03
-2.474849999999994907e+03
-3.393250000000025921e+03
-2.752250000000002274e+03
-2.116499999999990450e+03
-3.862449999999999818e+03
-3.774400000000039654e+03
-1.172149999999996908e+03
-2.429199999999996635e+03
-3.682050000000010186e+03
-3.144500000000011369e+03
-3.952200000000030286e+03
-3.628600000000005821e+03
-1.404149999999994407e+03
-2.126749999999992269e+03
-1.137949999999996180e+03
-2.905850000000019008e+03
-2.023149999999968713e+03
-2.154299999999990632e+03
-2.328149999999992815e+03
-1.081499999999998863e+03
-3.712550000000022465e+03
-1.460799999999989723e+03
-3.053000000000005912e+03
-2.684100000000010368e+03
-3.475400000000002819e+03
-1.923249999999992269e+03
-2.530699999999997544e+03
-1.109049999999995634e+03
-1.535249999999993179e+03
-2.135749999999996362e+03
-1.046849999999997635e+03
-3.862950000000007549e+03
-1.579699999999993906e+03
-3.331599999999993997e+03
-1.842099999999983766e+03
-2.866450000000002092e+03
-2.765399999999992360e+03
-1.868449999999988449e+03
-2.064499999999991360e+03
-3.562950000000023920e+03
-2.656950000000008004e+03
-2.347649999999995089e+03
-3.206600000000000364e+03
-1.458099999999988768e+03
-3.445100000000022646e+03
-3.776100000000007185e+03
-2.330049999999994270e+03
-2.068999999999981355e+03
-2.926250000000002728e+03
-2.151499999999995907e+03
-3.029000000000003638e+03
-2.716849999999991724e+03
-1.353699999999993224e+03
-2.323900000000000091e+03
-3.773000000000014552e+03
-3.139299999999991996e+03
-2.386450000000006185e+03
-2.628799999999989268e+03
-1.159999999999992951e+03
-2.324999999999994998e+03
-2.459049999999996544e+03
-3.964400000000009186e+03
-3.144749999999995907e+03
-2.862200000000003911e+03
-3.780950000000003001e+03
-1.303399999999994634e+03
-3.363750000000010914e+03
-1.476399999999992815e+03
-3.153800000000000182e+03
-2.331149999999985539e+03
-2.957050000000019281e+03
-1.430099999999988086e+03
-1.759599999999989222e+03
-2.907449999999996635e+03
-3.460700000000011642e+03
-1.501099999999991041e+03
-1.211949999999994134e+03
-2.379549999999996089e+03
-1.624849999999994452e+03
-3.206400000000012369e+03
-1.547449999999993224e+03
-3.415200000000005730e+03
-1.520199999999993906e+03
-2.299699999999992542e+03
-3.848950000000010277e+03
-2.806700000000006185e+03
-2.116949999999991178e+03
-3.252200000000041200e+03
-2.668650000000012369e+03
-2.738000000000008640e+03
-2.110299999999981537e+03
-2.368250000000005002e+03
-1.343199999999993224e+03
-1.667349999999999454e+03
-1.341449999999988449e+03
-2.186499999999978172e+03
-1.568849999999981719e+03
-3.290350000000010368e+03
-3.167650000000002365e+03
-2.482449999999994816e+03
-3.208900000000011914e+03
-1.976799999999984266e+03
-2.486350000000011278e+03
-2.630400000000013733e+03
-1.899299999999989950e+03
-2.936450000000006185e+03
-3.050200000000008458e+03
-1.424599999999991724e+03
-2.481950000000001182e+03
-3.820250000000008185e+03
-1.276599999999988768e+03
-2.414049999999992906e+03
-2.720950000000014370e+03
-3.036849999999995816e+03
-8.302499999999988631e+02
-2.646900000000003729e+03
-2.337199999999984357e+03
-1.406149999999990541e+03
-2.189349999999999454e+03
-1.036299999999997908e+03
-1.287899999999995316e+03
-3.087049999999981537e+03
-1.245349999999991041e+03
-2.149299999999967440e+03
-2.028949999999986630e+03
-1.893699999999977308e+03
-3.494450000000001182e+03
-2.352199999999981173e+03
-1.503749999999992269e+03
-1.294649999999997590e+03
-1.126399999999997135e+03
-2.856100000000022646e+03
-2.706399999999997362e+03
-1.983899999999996680e+03
-1.684449999999993906e+03
-2.943650000000005548e+03
-1.691999999999990905e+03
-2.746599999999998545e+03
-2.671250000000000909e+03
-1.203449999999995725e+03
-1.966399999999994634e+03
-3.167400000000009641e+03
-9.734999999999998863e+02
-2.333100000000013551e+03
-1.296699999999991178e+03
-3.319200000000013006e+03
-3.240650000000008276e+03
-2.737249999999996362e+03
-2.584750000000008185e+03
-1.548049999999996544e+03
-3.419800000000016553e+03
-3.292950000000028012e+03
-3.860650000000006457e+03
-2.166499999999999091e+03
-1.179449999999995043e+03
-1.270299999999989268e+03
-1.891149999999993270e+03
-1.304249999999994543e+03
-3.447600000000004002e+03
-2.127949999999990723e+03
-2.456349999999995816e+03
-9.467499999999996589e+02
-2.258950000000000273e+03
-2.315799999999993361e+03
-2.761000000000005912e+03
-2.348749999999988177e+03
-1.441049999999985857e+03
-2.775400000000010095e+03
-2.359650000000000546e+03
-1.077299999999996089e+03
-2.481400000000000546e+03
-2.128749999999997272e+03
-2.661150000000004184e+03
-1.557249999999992269e+03
-2.849950000000007094e+03
-1.382249999999997044e+03
-1.195099999999997863e+03
-1.527049999999997908e+03
-1.380899999999993270e+03
-2.742250000000000000e+03
-3.191700000000013006e+03
-3.455550000000007003e+03
-3.355750000000015916e+03
-3.091850000000020373e+03
-1.761299999999990177e+03
-3.106700000000018917e+03
-7.474499999999975444e+02
-3.150150000000006457e+03
-3.566800000000013824e+03
-1.195799999999994270e+03
-1.538199999999995953e+03
-1.391749999999995680e+03
-1.343499999999995907e+03
-3.720450000000003456e+03
-2.996400000000002819e+03
-1.092699999999995953e+03
-9.052999999999975671e+02
-1.526749999999989086e+03
-1.549999999999985903e+03
-2.639950000000010277e+03
-2.987900000000006457e+03
-1.811799999999994270e+03
-1.630599999999998772e+03
-9.853999999999984993e+02
-1.644649999999985312e+03
-2.814599999999997635e+03
-1.798199999999991178e+03
-2.534449999999978445e+03
-2.772299999999995180e+03
-1.374849999999985812e+03
-2.840949999999996180e+03
-1.983499999999977945e+03
-3.242900000000007822e+03
-3.680250000000003183e+03
-3.020050000000022919e+03
-3.505950000000000728e+03
-2.933100000000023556e+03
-2.332050000000004729e+03
-1.295349999999992860e+03
-1.510349999999989677e+03
-2.719599999999989450e+03
-2.177349999999996726e+03
-3.080150000000006912e+03
-2.735299999999998363e+03
-2.811599999999996726e+03
-2.598199999999995271e+03
-1.562699999999997544e+03
-3.007800000000001091e+03
-2.131699999999996635e+03
-2.213699999999995725e+03
-3.090400000000011914e+03
-3.246300000000009277e+03
-2.499049999999998363e+03
-1.290799999999990405e+03
-2.629500000000003638e+03
-2.036749999999990678e+03
-1.270499999999993179e+03
-1.300099999999993543e+03
-3.012000000000009550e+03
-2.934100000000030832e+03
-9.609499999999968622e+02
-1.913099999999995362e+03
-2.328099999999998545e+03
-2.290949999999993906e+03
-1.737499999999989086e+03
-2.045649999999989177e+03
-1.360799999999994043e+03
-1.615049999999993588e+03
-1.262149999999995089e+03
-2.116299999999992906e+03
-2.792950000000002547e+03
-2.801250000000007276e+03
-1.005499999999995225e+03
-1.291299999999994725e+03
-2.217699999999996635e+03
-1.553599999999991951e+03
-2.252549999999994725e+03
-1.155449999999999591e+03
-2.144799999999992906e+03
-1.599399999999988268e+03
-1.279449999999988449e+03
-2.597750000000000000e+03
-1.483599999999992860e+03
-2.116099999999988995e+03
-3.091249999999997272e+03
-2.385899999999995543e+03
-3.375100000000008549e+03
-2.403199999999991178e+03
-1.217149999999992588e+03
-2.749950000000006639e+03
-1.457199999999995043e+03
-1.130799999999995407e+03
-3.477200000000009823e+03
-3.453550000000009732e+03
-2.238799999999997453e+03
-1.723049999999993588e+03
-2.996450000000004366e+03
-7.834499999999997044e+02
-1.446199999999988677e+03
-1.212849999999996498e+03
-2.041249999999987267e+03
-3.044150000000003274e+03
-1.696649999999986676e+03
-2.906749999999989541e+03
-1.913499999999989086e+03
-2.081499999999983174e+03
-2.648400000000002819e+03
-2.532049999999997908e+03
-2.298299999999998363e+03
-1.651799999999980400e+03
-2.260999999999990905e+03
-1.060699999999993224e+03
-3.349400000000023738e+03
-9.249499999999992497e+02
-9.317499999999997726e+02
-1.410449999999982992e+03
-2.908899999999995998e+03
-2.033549999999968804e+03
-1.781899999999986676e+03
-2.421900000000002365e+03
-2.693750000000001819e+03
-8.330999999999989996e+02
-1.949099999999989677e+03
-1.817449999999991178e+03
-1.913099999999989905e+03
-2.576499999999987267e+03
-8.353499999999974079e+02
-8.757999999999951797e+02
-3.106400000000003729e+03
-1.107899999999992360e+03
-1.138049999999996317e+03
-1.599199999999991178e+03
-1.806799999999999727e+03
-1.809849999999993770e+03
-2.748149999999996453e+03
-2.362999999999999545e+03
-1.135099999999995816e+03
-1.883649999999991678e+03
-1.216249999999989541e+03
-2.396549999999996089e+03
-2.793950000000004366e+03
-1.922449999999998909e+03
-2.667399999999994634e+03
-1.019999999999997499e+03
-1.619249999999990905e+03
-9.852999999999958618e+02
-3.581750000000018645e+03
-1.527849999999986721e+03
-8.920499999999984766e+02
-2.050399999999995089e+03
-1.482499999999991587e+03
-2.288949999999994361e+03
-1.062699999999995953e+03
-2.817400000000010095e+03
-1.412399999999986676e+03
-2.625600000000009004e+03
-8.318500000000000227e+02
-3.229750000000009550e+03
-2.744950000000012096e+03
-2.598100000000002183e+03
-3.293499999999998181e+03
-1.506999999999988859e+03
-9.820499999999969987e+02
-2.653050000000001091e+03
-1.087449999999997544e+03
-1.810649999999984857e+03
-2.374900000000002819e+03
-1.966599999999993315e+03
-2.814950000000005275e+03
-3.272400000000017826e+03
-1.207799999999995634e+03
-1.085699999999994134e+03
-2.421250000000005002e+03
-1.811049999999989041e+03
-1.992999999999979991e+03
-1.082999999999996135e+03
-1.107049999999994725e+03
-9.063999999999971351e+02
-8.634499999999961801e+02
-1.946499999999994770e+03
-2.362800000000002910e+03
-1.631349999999997181e+03
-1.092899999999995089e+03
-3.031100000000015825e+03
-3.506300000000027467e+03
-9.106999999999985675e+02
-2.797450000000025739e+03
-2.347250000000003638e+03
-1.253349999999995589e+03
-2.549649999999980082e+03
-2.046199999999991178e+03
-8.529499999999961801e+02
-9.355499999999974534e+02
-1.663449999999982083e+03
-2.748299999999996089e+03
-2.552600000000009004e+03
-1.974699999999996635e+03
-1.395199999999987313e+03
-1.541549999999995862e+03
-2.497150000000016007e+03
-1.289949999999991405e+03
-1.447549999999994725e+03
-1.950299999999989495e+03
-1.355599999999992633e+03
-1.365149999999989632e+03
-3.101450000000023920e+03
-2.189799999999991996e+03
-2.307049999999988358e+03
-1.716349999999987858e+03
-2.063199999999997999e+03
-1.218499999999992724e+03
-9.075499999999993861e+02
-2.794049999999994270e+03
-1.586549999999994498e+03
-2.854849999999999454e+03
-1.188549999999995634e+03
-1.611199999999997999e+03
-1.732599999999981492e+03
-2.361900000000005093e+03
-1.759449999999993224e+03
-1.819249999999987722e+03
-2.478799999999996544e+03
-1.030649999999996680e+03
-2.994200000000005730e+03
-1.237899999999989859e+03
-1.110549999999991314e+03
-3.115100000000004457e+03
-2.257949999999996180e+03
-2.313699999999996635e+03
-1.358999999999994770e+03
-1.626549999999990405e+03
-1.910849999999986949e+03
-7.117999999999989313e+02
-1.689699999999983675e+03
-1.385949999999990268e+03
-9.564499999999962938e+02
-1.786549999999997908e+03
-1.585249999999990678e+03
-1.692849999999991041e+03
-3.048650000000015552e+03
-2.801499999999994088e+03
-2.227299999999996544e+03
-7.142499999999980673e+02
-1.069749999999998863e+03
-1.073299999999999955e+03
-2.558850000000009459e+03
-1.046249999999997272e+03
-1.684949999999989814e+03
-2.642799999999996544e+03
-1.703899999999996680e+03
-2.015299999999998818e+03
-1.015299999999996544e+03
-8.268499999999959300e+02
-1.214149999999993952e+03
-1.650099999999984675e+03
-1.711649999999989404e+03
-2.948600000000007185e+03
-1.228199999999992542e+03
-2.989400000000008276e+03
-2.238599999999992633e+03
-2.936350000000006730e+03
-1.213899999999994407e+03
-9.777499999999968168e+02
-1.995849999999987176e+03
-2.998049999999993815e+03
-9.509999999999974989e+02
-6.948999999999997499e+02
-2.512199999999993452e+03
-7.923999999999981583e+02
-2.220599999999995816e+03
-9.252499999999978400e+02
-8.990999999999988859e+02
-1.824449999999999591e+03
-1.134849999999996271e+03
-1.273999999999996362e+03
-5.812499999999988631e+02
-1.061099999999994225e+03
-2.538200000000017099e+03
-2.957850000000000364e+03
-2.408999999999993179e+03
-1.615299999999990177e+03
-1.855799999999989950e+03
-2.930400000000001455e+03
-1.715599999999984448e+03
-1.032399999999998499e+03
-7.998999999999975898e+02
-2.023499999999993861e+03
-1.713449999999986176e+03
-9.231499999999994088e+02
-2.247199999999987995e+03
-1.474149999999996226e+03
-2.096549999999998363e+03
-1.056599999999997635e+03
-9.046499999999979309e+02
-1.843949999999982083e+03
-1.262399999999994179e+03
-1.411449999999985494e+03
-2.418000000000000000e+03
-1.146799999999993815e+03
-2.114149999999995089e+03
-2.653950000000006639e+03
-1.052899999999995998e+03
-1.523199999999981856e+03
-1.043149999999996908e+03
-1.035849999999995816e+03
-1.764049999999995862e+03
-8.093499999999958163e+02
-9.003499999999953616e+02
-9.082499999999994316e+02
-2.704899999999975080e+03
-2.482700000000004820e+03
-1.783749999999988404e+03
-2.117299999999986539e+03
-2.670800000000005184e+03
-1.478049999999991542e+03
-8.565999999999986585e+02
-1.668999999999991587e+03
-1.127799999999994952e+03
-2.505000000000003183e+03
-5.845499999999985903e+02
-1.965249999999994770e+03
-7.481999999999985675e+02
-9.869999999999989768e+02
-3.040250000000016826e+03
-8.155999999999974079e+02
-1.666849999999988540e+03
-9.990999999999985448e+02
-1.967949999999993906e+03
-8.173999999999988404e+02
-9.427499999999990905e+02
-1.168949999999994816e+03
-1.997949999999980264e+03
-1.991799999999985630e+03
-8.295499999999973397e+02
-9.308999999999994088e+02
-6.490000000000001137e+02
-1.917199999999985039e+03
-1.053149999999990996e+03
-1.132599999999992178e+03
-1.242399999999990996e+03
-1.042649999999996226e+03
-6.649999999999990905e+02
-1.212749999999994316e+03
-1.033549999999995634e+03
-1.009849999999996044e+03
-9.550499999999985903e+02
-1.533249999999997499e+03
-1.112699999999995271e+03
-1.262849999999991041e+03
-2.377199999999989359e+03
-1.874849999999988768e+03
-1.774149999999998954e+03
-1.687499999999988859e+03
-1.064199999999998909e+03
-1.323549999999995862e+03
-2.089299999999996544e+03
-1.119599999999997181e+03
-1.415299999999982219e+03
-9.729499999999986812e+02
-1.020849999999999454e+03
-1.440699999999991405e+03
-1.154049999999989723e+03
-6.737499999999996589e+02
-2.082849999999993543e+03
-1.235699999999995725e+03
-1.627299999999988358e+03
-1.100749999999995225e+03
-9.120999999999985448e+02
-1.223149999999997590e+03
-1.652199999999988449e+03
-2.962400000000006912e+03
-2.133699999999977535e+03
-1.023599999999997635e+03
-8.015999999999962711e+02
-9.971999999999970896e+02
-1.876699999999992997e+03
-1.918699999999987995e+03
-2.586449999999998909e+03
-7.431999999999997044e+02
-8.163499999999976353e+02
-2.785700000000012096e+03
-1.338099999999997181e+03
-1.512899999999986449e+03
-2.718600000000010823e+03
-1.849749999999988404e+03
-1.241849999999992860e+03
-1.053949999999996407e+03
-1.262699999999992087e+03
-2.261450000000000728e+03
-1.856299999999997226e+03
-8.366000000000003638e+02
-1.828399999999982583e+03
-6.936000000000000227e+02
-8.223499999999984311e+02
-1.880049999999990177e+03
-8.996499999999989541e+02
-1.109299999999997226e+03
-1.043249999999995680e+03
-1.382499999999992724e+03
-7.648499999999989996e+02
-1.549249999999999545e+03
-2.549049999999999272e+03
-1.957899999999993042e+03
-1.874299999999979946e+03
-1.437799999999995862e+03
-2.016899999999990314e+03
-1.223349999999991269e+03
-1.983099999999995589e+03
-1.572899999999994634e+03
-2.399599999999999909e+03
-2.615849999999995362e+03
-1.118349999999993543e+03
-1.488699999999981856e+03
-1.547949999999991633e+03
-6.769999999999974989e+02
-1.703449999999990951e+03
-1.733549999999984948e+03
-6.773999999999989541e+02
-1.343849999999994452e+03
-1.489449999999999363e+03
-6.805999999999993406e+02
-1.489099999999992406e+03
-1.391899999999994634e+03
-1.247749999999993634e+03
-2.231199999999986176e+03
-2.297250000000001819e+03
-1.083799999999993815e+03
-7.097999999999988177e+02
-1.452549999999991769e+03
-9.152999999999987040e+02
-1.624249999999997726e+03
-1.077899999999993724e+03
-1.098449999999996635e+03
-1.868149999999998045e+03
-8.336999999999986812e+02
-2.049049999999987904e+03
-5.710499999999988177e+02
-1.543049999999986085e+03
-9.274499999999993634e+02
-8.017999999999965439e+02
-2.357749999999997272e+03
-1.240049999999993361e+03
-2.478399999999996453e+03
-1.216149999999993270e+03
-7.560499999999998408e+02
-1.801099999999978536e+03
-1.947799999999988358e+03
-1.472449999999995725e+03
-2.200849999999997635e+03
-9.788999999999981583e+02
-9.408499999999988859e+02
-2.920350000000009459e+03
-1.645449999999995498e+03
-6.253999999999995225e+02
-1.559399999999994407e+03
-2.347449999999994361e+03
-9.541999999999984539e+02
-1.591249999999993634e+03
-1.329049999999992224e+03
-6.919999999999994316e+02
-2.264399999999998727e+03
-8.431499999999972488e+02
-1.310299999999995180e+03
-2.671100000000009459e+03
-1.461249999999991360e+03
-1.200599999999997181e+03
-2.440100000000004002e+03
-1.651549999999991542e+03
-2.350799999999993361e+03
-9.184999999999971578e+02
-1.817599999999996498e+03
-1.625049999999999045e+03
-1.674449999999996407e+03
-1.736799999999987449e+03
-1.739199999999999363e+03
-1.816199999999998681e+03
-2.229099999999994907e+03
-1.476699999999989132e+03
-6.562499999999979536e+02
-1.574249999999994316e+03
-1.717899999999995316e+03
-1.852749999999984539e+03
-1.096349999999994452e+03
-9.456999999999981128e+02
-2.076999999999996362e+03
-2.189199999999991633e+03
-6.858999999999981583e+02
-1.521249999999991587e+03
-1.457199999999976626e+03
-1.904899999999994407e+03
-1.339349999999994225e+03
-1.393999999999997044e+03
-8.878499999999976353e+02
-1.777949999999992542e+03
-9.758999999999989541e+02
-7.820999999999989996e+02
-7.514999999999976126e+02
-1.332849999999991724e+03
-1.162299999999989950e+03
-6.614999999999994316e+02
-2.013599999999993770e+03
-1.187949999999993224e+03
-7.175499999999990450e+02
-2.322849999999990359e+03
-2.135149999999988268e+03
-1.276399999999993952e+03
-2.487999999999992724e+03
-9.656999999999984539e+02
-7.191000000000002501e+02
-1.072949999999995271e+03
-9.005999999999993406e+02
-1.294799999999996089e+03
-2.364699999999999363e+03
-1.925899999999980309e+03
-1.465799999999991087e+03
-2.864700000000004820e+03
-1.021999999999998181e+03
-1.007349999999996271e+03
-7.094500000000000455e+02
-1.087649999999996680e+03
-1.937999999999996817e+03
-1.583649999999993270e+03
-1.349249999999993179e+03
-7.207499999999982947e+02
-1.174049999999990405e+03
-8.319000000000011141e+02
-1.708499999999992951e+03
-8.730999999999980901e+02
-1.230899999999994861e+03
-1.367849999999992406e+03
-1.341699999999991405e+03
-1.001549999999996317e+03
-9.466999999999990223e+02
-1.759499999999992724e+03
-1.239399999999999181e+03
-5.451500000000008868e+02
-8.771499999999996362e+02
-8.727999999999977945e+02
-1.838299999999982674e+03
-1.674449999999994816e+03
-2.154449999999989814e+03
-1.066099999999995816e+03
-5.411000000000011596e+02
-1.297399999999990769e+03
-1.958299999999995862e+03
-8.195499999999997272e+02
-1.053549999999995634e+03
-5.291500000000011141e+02
-7.553499999999992269e+02
-2.591649999999994179e+03
-8.478499999999982037e+02
-2.605549999999996544e+03
-1.497799999999995407e+03
-2.832900000000007822e+03
-1.118549999999992906e+03
-6.154999999999997726e+02
-1.727199999999995271e+03
-1.347299999999986539e+03
-8.023999999999977035e+02
-1.156299999999993361e+03
-1.723099999999996953e+03
-3.762000000000014666e+02
-8.012499999999981810e+02
-1.538349999999988995e+03
-1.876750000000000000e+03
-2.539299999999991087e+03
-1.026649999999996453e+03
-1.232049999999989268e+03
-2.077649999999987813e+03
-7.677999999999979082e+02
-1.951299999999983129e+03
-7.386999999999987949e+02
-2.295300000000006094e+03
-1.924149999999986449e+03
-1.863149999999994634e+03
-7.084000000000003183e+02
-1.865699999999987313e+03
-1.537749999999988177e+03
-2.125099999999980810e+03
-4.108500000000020123e+02
-7.589999999999987494e+02
-9.938499999999955890e+02
-1.608549999999997226e+03
-2.190899999999988722e+03
-1.788449999999995725e+03
-6.718000000000000682e+02
-8.899500000000002728e+02
-1.351149999999980764e+03
-8.657999999999975671e+02
-8.688499999999982037e+02
-1.986249999999997272e+03
-1.318349999999994679e+03
-7.581999999999997044e+02
-6.596999999999983402e+02
-7.616999999999987949e+02
-6.373999999999977035e+02
-6.538500000000002501e+02
-1.017299999999998590e+03
-1.137049999999994498e+03
-7.116499999999981583e+02
-5.690500000000014325e+02
-1.777449999999992087e+03
-1.342249999999990678e+03
-5.859000000000000909e+02
-8.158499999999996817e+02
-1.058199999999997317e+03
-1.223499999999997272e+03
-1.259399999999996453e+03
-1.691350000000001046e+03
-2.626199999999995271e+03
-6.089499999999985675e+02
-9.745499999999982492e+02
-1.815049999999972442e+03
-1.388799999999988358e+03
-1.243999999999991360e+03
-1.417599999999980582e+03
-8.373499999999992269e+02
-1.662999999999998408e+03
-5.528499999999993406e+02
-2.091599999999984448e+03
-5.468000000000007503e+02
-1.754999999999987494e+03
-8.544499999999978854e+02
-1.503999999999997726e+03
-1.478549999999993361e+03
-8.204499999999987949e+02
-2.046949999999990496e+03
-5.181500000000000909e+02
-5.389499999999999318e+02
-1.264399999999997817e+03
-4.489000000000021373e+02
-1.288449999999997317e+03
-8.706499999999995225e+02
-6.485000000000002274e+02
-8.339499999999967486e+02
-1.914399999999975989e+03
-2.788400000000001000e+03
-8.839999999999968168e+02
-2.308950000000008004e+03
-9.192499999999987494e+02
-9.920499999999965439e+02
-4.885000000000001705e+02
-6.565000000000004547e+02
-2.250249999999989086e+03
-9.110999999999980901e+02
-8.397000000000005002e+02
-1.123799999999992451e+03
-1.254049999999993361e+03
-1.551699999999993224e+03
-1.107399999999992360e+03
-6.553999999999992951e+02
-2.631149999999997817e+03
-1.336299999999991087e+03
-6.518499999999989996e+02
-1.996849999999995816e+03
-1.369949999999996862e+03
-7.001499999999979309e+02
-1.507599999999984675e+03
-9.509499999999982265e+02
-1.732699999999992770e+03
-1.209249999999991587e+03
-4.817000000000005002e+02
-1.809849999999986494e+03
-5.991499999999998636e+02
-8.076999999999966349e+02
-1.463349999999998090e+03
-2.067949999999995725e+03
-9.535499999999972260e+02
-5.941999999999992497e+02
-9.769500000000011823e+02
-7.226000000000008185e+02
-7.391999999999985675e+02
-7.415499999999990450e+02
-9.281999999999985675e+02
-8.704999999999969305e+02
-1.944849999999988768e+03
-5.124500000000009550e+02
-4.589500000000003865e+02
-1.200749999999999318e+03
-5.524499999999992497e+02
-1.052149999999997135e+03
-2.409749999999991360e+03
-5.440000000000002274e+02
-1.853799999999996544e+03
-6.473500000000005912e+02
-1.640199999999996180e+03
-1.257249999999995225e+03
-5.601500000000008868e+02
-7.621000000000002501e+02
-9.114499999999981128e+02
-7.703499999999989996e+02
-7.680499999999989313e+02
-1.705149999999995316e+03
-6.881999999999994770e+02
-1.391250000000000682e+03
-2.191799999999996089e+03
-8.081499999999987267e+02
-1.299699999999993452e+03
-1.619949999999987995e+03
-6.982000000000001592e+02
-7.802999999999994998e+02
-2.022199999999986858e+03
-2.565549999999998818e+03
-8.994999999999984084e+02
-1.178699999999995043e+03
-4.117500000000008527e+02
-1.242899999999992588e+03
-1.148749999999990223e+03
-5.552499999999996589e+02
-1.036449999999996862e+03
-5.697499999999997726e+02
-9.222999999999981355e+02
-6.697499999999982947e+02
-5.170999999999989996e+02
-1.195549999999991314e+03
-1.569749999999990678e+03
-2.400249999999999545e+03
-1.298249999999999318e+03
-6.839999999999993179e+02
-1.612099999999995589e+03
-5.756500000000007731e+02
-1.145199999999997090e+03
-1.293099999999996498e+03
-1.280349999999999454e+03
-1.517899999999994861e+03
-5.812999999999999545e+02
-6.400999999999994543e+02
-4.952500000000007958e+02
-6.379000000000005457e+02
-2.047399999999986676e+03
-8.328499999999985448e+02
-2.006649999999992360e+03
-1.607099999999993770e+03
-1.652499999999997044e+03
-9.565999999999962711e+02
-1.296849999999990132e+03
-5.731499999999986130e+02
-7.181499999999983856e+02
-9.901499999999972488e+02
-9.500999999999961574e+02
-1.813499999999994770e+03
-5.315000000000004547e+02
-1.238499999999993861e+03
-6.194000000000002046e+02
-1.520049999999990860e+03
-7.853499999999986585e+02
-1.127799999999996544e+03
-5.909500000000000455e+02
-1.089399999999993952e+03
-1.643749999999992951e+03
-2.461200000000000728e+03
-6.056999999999993634e+02
-7.129999999999989768e+02
-1.357699999999992315e+03
-1.934799999999980855e+03
-2.026799999999991087e+03
-5.884499999999983402e+02
-1.414449999999997999e+03
-9.974999999999984084e+02
-7.657999999999980218e+02
-1.835549999999984493e+03
-2.222549999999989723e+03
-1.478899999999994407e+03
-1.048299999999996089e+03
-5.837000000000001592e+02
-4.116000000000008754e+02
-2.181949999999989814e+03
-8.375499999999973397e+02
-6.253499999999978627e+02
-1.331149999999992360e+03
-6.234499999999986812e+02
-6.392499999999978400e+02
-5.208000000000009777e+02
-7.784499999999998181e+02
-6.676999999999992497e+02
-5.502499999999992042e+02
-1.148099999999998545e+03
-8.353499999999946795e+02
-1.080699999999997772e+03
-4.272000000000006139e+02
-8.280499999999984766e+02
-6.722000000000001592e+02
-8.966999999999982265e+02
-1.601799999999993588e+03
-5.566500000000007731e+02
-1.128249999999991360e+03
-1.888999999999987494e+03
-3.761500000000003752e+02
-9.033499999999987722e+02
-2.173999999999998181e+03
-9.337499999999965894e+02
-1.614849999999978991e+03
-8.484499999999974307e+02
-8.633500000000000227e+02
-1.246749999999997954e+03
-7.559499999999997044e+02
-8.882499999999927240e+02
-3.988000000000013756e+02
-4.668000000000003524e+02
-1.997749999999997954e+03
-5.281000000000017280e+02
-1.193449999999997544e+03
-1.209849999999997408e+03
-1.465899999999995089e+03
-1.632999999999988404e+03
-1.985649999999991678e+03
-1.455549999999981992e+03
-8.294999999999990905e+02
-4.188000000000004661e+02
-1.134049999999996544e+03
-1.017799999999996999e+03
-2.140899999999990996e+03
-4.319499999999996476e+02
-1.159349999999993315e+03
-1.682299999999992224e+03
-1.546699999999996407e+03
-5.753000000000026830e+02
-6.034999999999980673e+02
-4.118000000000005230e+02
-8.717999999999994998e+02
-4.419000000000008868e+02
-3.499000000000009436e+02
-1.121349999999999682e+03
-5.968499999999983174e+02
-3.607500000000006253e+02
-5.331500000000006594e+02
-5.200000000000012506e+02
-1.710199999999996862e+03
-1.661599999999988313e+03
-1.048549999999997453e+03
-5.055500000000014325e+02
-1.095499999999999091e+03
-6.502999999999976808e+02
-3.726000000000005912e+02
-4.320000000000014211e+02
-3.525000000000010232e+02
-5.561499999999995225e+02
-1.249749999999994998e+03
-1.245149999999995089e+03
-6.873000000000007503e+02
-5.229500000000002728e+02
-1.187349999999993770e+03
-7.580999999999980901e+02
-1.536449999999998226e+03
-6.399499999999977717e+02
-4.986000000000011596e+02
-9.841500000000002046e+02
-6.011999999999998181e+02
-5.855999999999997954e+02
-1.357249999999992042e+03
-1.405999999999997726e+03
-5.534500000000006139e+02
-1.419599999999995134e+03
-5.278999999999998636e+02
-1.441499999999996589e+03
-1.167099999999996044e+03
-8.821500000000005457e+02
-4.683999999999992383e+02
-1.481799999999980628e+03
-1.223499999999998408e+03
-7.336499999999997499e+02
-1.769549999999976308e+03
-1.380199999999998226e+03
-5.290500000000006366e+02
-5.755999999999987722e+02
-4.913000000000002956e+02
-6.097500000000001137e+02
-2.981500000000004320e+02
-4.259500000000010118e+02
-7.536499999999989541e+02
-7.294499999999987949e+02
-1.883549999999991314e+03
-4.321499999999998636e+02
-4.507500000000012506e+02
-1.053249999999999318e+03
-4.575000000000005116e+02
-6.645499999999990450e+02
-9.383499999999983174e+02
-5.812500000000010232e+02
-6.597999999999987040e+02
-3.667000000000008413e+02
-6.208999999999988404e+02
-1.949299999999990405e+03
-4.186000000000005912e+02
-7.316499999999986130e+02
-4.695000000000008527e+02
-4.468000000000013188e+02
-1.346649999999998727e+03
-1.426249999999993634e+03
-1.204399999999996226e+03
-7.570500000000002956e+02
-6.663999999999983856e+02
-2.012149999999990769e+03
-5.280000000000001137e+02
-1.167199999999995271e+03
-6.057500000000000000e+02
-4.945500000000002956e+02
-4.746500000000015689e+02
-1.588149999999998045e+03
-9.064999999999992042e+02
-8.760999999999988859e+02
-6.379500000000000455e+02
-1.599849999999984675e+03
-1.218849999999995362e+03
-7.162999999999990450e+02
-3.488500000000010459e+02
-4.216000000000008754e+02
-8.602999999999971124e+02
-5.387499999999995453e+02
-5.420500000000009777e+02
-5.270500000000000682e+02
-8.425000000000007958e+02
-1.088649999999997590e+03
-1.163949999999998681e+03
-2.979000000000003752e+02
-6.194499999999987949e+02
-4.619000000000016826e+02
-7.245499999999991587e+02
-1.251699999999997544e+03
-4.685000000000007390e+02
-4.345500000000014325e+02
-1.729449999999995953e+03
-1.682999999999997044e+03
-1.676049999999995180e+03
-5.340000000000009095e+02
-1.112449999999999818e+03
-1.048449999999998909e+03
-6.063499999999980901e+02
-5.985499999999989313e+02
-9.480999999999982037e+02
-4.565500000000008072e+02
-6.278499999999997954e+02
-1.334749999999992497e+03
-9.621999999999965212e+02
-9.912000000000002728e+02
-1.421199999999993906e+03
-1.627799999999987904e+03
-7.117999999999962029e+02
-3.684999999999997158e+02
-1.551499999999992497e+03
-3.787500000000016485e+02
-1.004249999999998408e+03
-5.078500000000002501e+02
-4.889000000000010573e+02
-5.203000000000002956e+02
-1.554999999999988404e+03
-7.464499999999990223e+02
-1.092549999999998818e+03
-6.039999999999993179e+02
-4.976500000000015689e+02
-9.599499999999961801e+02
-4.856500000000003752e+02
-9.909499999999992497e+02
-4.813000000000008640e+02
-9.838499999999936563e+02
-5.380500000000004093e+02
-9.557999999999988177e+02
-1.111649999999992588e+03
-4.312000000000000455e+02
-5.601500000000000909e+02
-1.343149999999992360e+03
-3.422000000000003297e+02
-2.801000000000003070e+02
-1.402399999999995089e+03
-4.365500000000014325e+02
-3.370500000000005798e+02
-7.352999999999999545e+02
-3.551000000000003638e+02
-8.127999999999972260e+02
-4.440500000000017735e+02
-5.725499999999991587e+02
-3.966000000000008185e+02
-1.123649999999997817e+03
-6.264999999999995453e+02
-1.112549999999993815e+03
-4.108500000000016144e+02
-4.436000000000012733e+02
-1.472649999999992815e+03
-4.243000000000018872e+02
-5.491000000000017280e+02
-1.318949999999994361e+03
-6.605499999999993861e+02
-5.118500000000003638e+02
-4.795000000000025580e+02
-1.376899999999995998e+03
-1.043299999999996317e+03
-3.799500000000005571e+02
-3.397500000000008527e+02
-4.722500000000002842e+02
-4.651000000000012733e+02
-8.220999999999988859e+02
-3.920000000000017621e+02
-6.966499999999988404e+02
-5.357500000000012506e+02
-4.764000000000015120e+02
-4.521500000000017963e+02
-1.337149999999997362e+03
-5.030500000000022283e+02
-1.251749999999994088e+03
-4.948000000000009777e+02
-3.548500000000004775e+02
-9.508500000000000227e+02
-3.498500000000011028e+02
-5.755000000000000000e+02
-1.113099999999993315e+03
-3.527000000000010687e+02
-7.307499999999989768e+02
-4.380000000000000000e+02
-6.049499999999998181e+02
-5.504499999999986812e+02
-4.621000000000014438e+02
-4.125500000000008640e+02
-7.498499999999996817e+02
-8.697999999999980218e+02
-1.384449999999997544e+03
-1.212249999999998181e+03
-6.730000000000017053e+02
-3.724500000000009550e+02
-1.304299999999988358e+03
-3.669500000000005571e+02
-3.028000000000005230e+02
-9.696999999999999318e+02
-5.495500000000001819e+02
-4.581500000000009436e+02
-6.868999999999994088e+02
-8.535000000000007958e+02
-1.107300000000002228e+03
-6.983000000000013188e+02
-8.344499999999979991e+02
-8.125499999999984766e+02
-3.628500000000002501e+02
-9.231499999999978172e+02
-4.112500000000021032e+02
-4.861500000000009436e+02
-4.957500000000014779e+02
-3.566000000000004775e+02
-1.237799999999993815e+03
-8.733500000000009322e+02
-5.185000000000005684e+02
-1.431599999999987858e+03
-4.695500000000007503e+02
-2.478000000000000682e+02
-1.073749999999993861e+03
-8.257999999999977945e+02
-3.922000000000005002e+02
-1.233399999999991223e+03
-7.669000000000010004e+02
-4.100000000000002842e+02
-4.011000000000007049e+02
-3.741500000000007162e+02
-3.945500000000014325e+02
-1.005449999999998226e+03
-3.377000000000002728e+02
-4.540000000000006821e+02
-9.735999999999971806e+02
-4.616000000000014438e+02
-8.525999999999992269e+02
-5.037000000000019782e+02
-1.540449999999994134e+03
-7.172999999999998408e+02
-1.435699999999992542e+03
-3.993500000000004206e+02
-1.422599999999993997e+03
-4.977000000000008413e+02
-4.681000000000014438e+02
-1.435249999999994088e+03
-3.812500000000010800e+02
-4.463000000000005798e+02
-1.181699999999992997e+03
-5.033500000000020691e+02
-8.419999999999899956e+02
-5.990500000000000682e+02
-1.188999999999993179e+03
-3.455499999999996135e+02
-8.453499999999971806e+02
-1.011899999999998499e+03
-9.569499999999987949e+02
-1.141899999999997590e+03
-5.340000000000013642e+02
-7.312999999999991587e+02
-8.669499999999970896e+02
-1.092899999999993042e+03
-1.605399999999998954e+03
-4.928000000000009777e+02
-1.065699999999998909e+03
-1.140049999999995862e+03
-4.488500000000016712e+02
-5.307499999999984084e+02
-7.358999999999994088e+02
-1.535999999999994998e+03
-1.216499999999991360e+03
-5.559000000000007731e+02
-4.827500000000012506e+02
-3.909500000000015802e+02
-1.379949999999993679e+03
-4.490000000000005116e+02
-4.100000000000005116e+02
-1.294649999999998045e+03
-7.972500000000000000e+02
-4.584000000000014552e+02
-3.994500000000015234e+02
-8.442499999999982947e+02
-2.932000000000007276e+02
-7.912499999999995453e+02
-3.986500000000014552e+02
-4.070000000000008527e+02
-3.127000000000008413e+02
-6.633999999999987267e+02
-1.130199999999997544e+03
-3.193500000000004206e+02
-4.502500000000012506e+02
-3.897000000000002728e+02
-1.030249999999996135e+03
-1.058749999999998636e+03
-4.471000000000000227e+02
-3.654000000000006025e+02
-2.523000000000005230e+02
-5.891999999999999318e+02
-1.662349999999976262e+03
-3.368500000000012733e+02
-1.073699999999995498e+03
-4.346500000000010004e+02
-3.901000000000011596e+02
-8.897499999999948841e+02
-3.167500000000005684e+02
-6.267000000000002728e+02
-7.945999999999993406e+02
-1.157149999999997362e+03
-3.988500000000000796e+02
-5.424500000000016371e+02
-3.539000000000006594e+02
-4.346500000000004889e+02
-8.225999999999980901e+02
-3.964500000000008981e+02
-6.886500000000013415e+02
-7.235000000000010232e+02
-1.464099999999991496e+03
-3.295500000000002387e+02
-3.043500000000005912e+02
-7.151999999999989086e+02
-1.533799999999996544e+03
-6.781999999999981128e+02
-3.587500000000008527e+02
-2.943500000000007617e+02
-3.018000000000006366e+02
-7.792500000000002274e+02
-1.429049999999991087e+03
-5.691999999999993634e+02
-2.946000000000007049e+02
-8.011000000000015007e+02
-1.035649999999995316e+03
-4.986500000000011141e+02
-4.322000000000000455e+02
-1.667499999999992724e+03
-1.056800000000000409e+03
-5.352499999999998863e+02
-2.756000000000002501e+02
-3.095000000000013642e+02
-2.620500000000005230e+02
-1.094749999999999091e+03
-7.165499999999973397e+02
-4.406000000000005343e+02
-5.558999999999992951e+02
-3.891000000000003070e+02
-4.321000000000016144e+02
-2.721000000000002501e+02
-5.352000000000032287e+02
-7.282499999999986358e+02
-6.037999999999999545e+02
-8.294500000000008413e+02
-2.729500000000006139e+02
-2.487499999999997158e+02
-8.048500000000005912e+02
-3.129000000000004889e+02
-4.494000000000013415e+02
-4.657500000000007390e+02
-1.261399999999992133e+03
-2.093000000000001251e+02
-2.288000000000001535e+02
-3.308500000000005343e+02
-2.853000000000008640e+02
-4.920000000000027285e+02
-6.906500000000033879e+02
-3.151500000000005457e+02
-3.021500000000010573e+02
-1.240549999999995407e+03
-5.057500000000003411e+02
-2.209500000000000739e+02
-5.854000000000007731e+02
-3.317500000000009663e+02
-5.754500000000014097e+02
-3.629500000000023192e+02
-8.858499999999985448e+02
-9.088500000000000227e+02
-4.578500000000017280e+02
-6.811499999999987267e+02
-6.493499999999996817e+02
-8.179499999999987949e+02
-1.116749999999999545e+03
-6.501499999999987267e+02
-1.049949999999999136e+03
-9.250499999999981355e+02
-6.149000000000024784e+02
-3.302500000000009095e+02
-6.791000000000004775e+02
-1.253500000000000512e+02
-3.361500000000003752e+02
-2.912000000000003865e+02
-5.257500000000006821e+02
-3.683500000000009891e+02
-3.465000000000008527e+02
-7.598999999999983856e+02
-2.086000000000000512e+02
-7.901999999999978854e+02
-1.348849999999994225e+03
-6.805499999999996135e+02
-2.755500000000005230e+02
-4.767500000000014211e+02
-2.412000000000001592e+02
-1.068149999999995998e+03
-6.433999999999987267e+02
-3.303000000000009777e+02
-1.162500000000003126e+02
-2.716000000000002501e+02
-8.292999999999966576e+02
-1.917000000000001307e+02
-5.684500000000015234e+02
-1.450000000000001990e+02
-2.390000000000005684e+02
-2.480000000000001705e+02
-6.804500000000017508e+02
-3.458500000000015575e+02
-4.086500000000012847e+02
-2.926500000000007162e+02
-9.438999999999955435e+02
-2.055500000000002387e+02
-6.152499999999997726e+02
-1.259500000000001023e+02
-1.076799999999995634e+03
-8.927999999999974534e+02
-4.208000000000016598e+02
-1.890500000000006935e+02
-1.748500000000001933e+02
-1.946000000000000512e+02
-1.014499999999999318e+03
-2.217000000000004434e+02
-4.413500000000008754e+02
-3.185000000000010232e+02
-1.532500000000003411e+02
-9.693499999999974079e+02
-5.232500000000023874e+02
-2.621500000000010004e+02
-4.274000000000013415e+02
-3.883500000000007617e+02
-4.268000000000009777e+02
-3.328999999999995225e+02
-1.568899999999990996e+03
-2.413000000000001251e+02
-1.200449999999994134e+03
-6.716499999999997499e+02
-9.562999999999996135e+02
-2.411500000000007731e+02
-2.379500000000006139e+02
-5.871000000000002501e+02
-2.157000000000004718e+02
-2.282000000000001307e+02
-2.218000000000000682e+02
-6.451500000000003183e+02
-1.790000000000000853e+02
-2.910500000000003524e+02
-4.737000000000030582e+02
-3.484000000000004320e+02
-2.229000000000004036e+02
-5.361000000000004775e+02
-1.229249999999995453e+03
-5.897000000000015234e+02
-4.707000000000022624e+02
-2.339500000000004718e+02
-1.349249999999985675e+03
-3.514000000000009436e+02
-9.243999999999998636e+02
-2.348500000000006764e+02
-7.538999999999992951e+02
-8.541499999999969077e+02
-5.234000000000004320e+02
-1.243149999999997817e+03
-4.798000000000013756e+02
-5.443000000000007503e+02
-6.493499999999999091e+02
-4.970500000000006366e+02
-3.302000000000005002e+02
-2.360000000000004547e+02
-1.796500000000001762e+02
-1.498000000000001819e+02
-2.259000000000005741e+02
-8.056999999999992497e+02
-6.285000000000006537e+01
-1.098599999999993770e+03
-1.213099999999999227e+03
-3.288500000000017849e+02
-3.558000000000006366e+02
-6.575999999999993406e+02
-9.214500000000006139e+02
-5.199000000000006594e+02
-5.044500000000006139e+02
-1.846000000000002217e+02
-4.425500000000022851e+02
-1.589000000000001478e+02
-4.193000000000007503e+02
-6.942499999999989768e+02
-9.862999999999974534e+02
-2.915000000000010800e+02
-1.762500000000002842e+02
-3.027500000000008527e+02
-1.434399999999989632e+03
-1.985500000000002387e+02
-2.729500000000007276e+02
-9.761499999999963393e+02
-1.216899999999996908e+03
-3.281500000000005457e+02
-7.173000000000005230e+02
-8.644499999999964075e+02
-8.427499999999995453e+02
-2.436500000000008299e+02
-7.140000000000002274e+02
-2.733000000000002387e+02
-3.511500000000005457e+02
-3.143999999999999204e+02
-2.080000000000001990e+02
-3.039500000000012960e+02
-5.608000000000006366e+02
-3.866500000000020236e+02
-1.247000000000004434e+02
-1.386149999999993497e+03
-2.945000000000006253e+02
-1.053399999999992133e+03
-6.134000000000015689e+02
-5.657500000000023874e+02
-3.046500000000002046e+02
-2.959000000000003752e+02
-6.634999999999990905e+01
-2.538000000000001251e+02
-1.412500000000002842e+02
-2.200000000000002558e+02
-1.411000000000004775e+02
-6.468999999999990678e+02
-5.637499999999990905e+02
-9.490999999999994543e+02
-4.135500000000009209e+02
-1.652500000000002274e+02
-4.569500000000011255e+02
-1.089249999999995453e+03
-2.271500000000001762e+02
-1.016199999999997885e+03
-3.890000000000015348e+02
-7.155000000000001137e+01
-1.275000000000004263e+02
-4.484000000000013415e+02
-1.990000000000002842e+02
-5.306500000000008868e+02
-2.054000000000000909e+02
-4.958000000000000682e+02
-3.126000000000001364e+02
-1.000249999999995794e+03
-4.407000000000006708e+02
-3.887000000000006139e+02
-2.196000000000003922e+02
-1.494500000000001592e+02
-1.956500000000003183e+02
-2.259500000000001876e+02
-4.899500000000014097e+02
-2.235000000000005400e+02
-2.211500000000003183e+02
-3.513500000000005912e+02
-3.664000000000021373e+02
-9.842999999999966576e+02
-6.462999999999989313e+02
-2.654000000000005457e+02
-1.399500000000005855e+02
-1.901000000000003922e+02
-4.454999999999993179e+02
-1.581500000000002331e+02
-7.445000000000004547e+01
-2.085500000000003524e+02
-1.346000000000003070e+02
-2.889000000000003752e+02
-3.443000000000010346e+02
-2.147000000000003581e+02
-2.969000000000003183e+02
-8.950999999999955890e+02
-8.107500000000010232e+02
-3.986500000000014552e+02
-7.425999999999995680e+02
-2.770500000000002956e+02
-8.108499999999989996e+02
-2.390000000000006253e+02
-9.279999999999975557e+01
-1.201500000000002331e+02
-5.581500000000007731e+02
-3.081000000000013301e+02
-2.085000000000000284e+02
-1.549000000000002046e+02
-2.911500000000002615e+02
-3.079500000000007276e+02
-1.900499999999999545e+02
-6.950500000000006366e+02
-5.781000000000003638e+02
-2.782000000000005571e+02
-6.474500000000011823e+02
-9.177999999999981355e+02
-5.158500000000019554e+02
-2.813500000000011596e+02
-5.169500000000014097e+02
-1.015000000000001847e+02
-4.520000000000014779e+02
-7.251500000000023647e+02
-4.764499999999997613e+02
-7.817499999999978400e+02
-7.958499999999976353e+02
-2.830000000000008527e+02
-2.267000000000006708e+02
-5.162500000000011369e+02
-1.224000000000000625e+02
-5.714999999999982094e+01
-1.448499999999999375e+02
-7.199999999999998579e+01
-1.681000000000001080e+02
-5.180500000000022283e+02
-4.350500000000024556e+02
-1.145000000000001137e+02
-4.682500000000007390e+02
-4.351500000000021942e+02
-2.869000000000011710e+02
-5.855500000000008640e+02
-2.550500000000009209e+02
-3.866500000000015689e+02
-4.129000000000011141e+02
-1.476500000000001478e+02
-2.300000000000005684e+02
-1.079999999999998721e+02
-1.498000000000001251e+02
-1.697500000000001421e+02
-7.984999999999993747e+01
-3.563000000000014325e+02
-1.899000000000000341e+02
-1.346000000000001080e+02
-9.398999999999958845e+02
-1.274000000000001762e+02
-5.697999999999992724e+02
-3.244000000000010573e+02
-2.566500000000012278e+02
-1.420999999999999659e+02
-3.956000000000016712e+02
-1.425500000000001535e+02
-1.173999999999999488e+02
-4.305000000000003411e+02
-4.989999999999999147e+01
-3.601000000000013870e+02
-2.472000000000003865e+02
-3.397500000000010800e+02
-2.458000000000004661e+02
-1.076500000000003752e+02
-3.161000000000014438e+02
-5.272999999999999545e+02
-2.514000000000012278e+02
-3.478000000000016030e+02
-6.038999999999997499e+02
-1.783500000000001933e+02
-5.051000000000033197e+02
-4.768000000000007503e+02
-4.690000000000022169e+02
-1.349000000000005457e+02
-2.250500000000002387e+02
-2.869000000000013415e+02
-3.861500000000024784e+02
-3.891000000000011028e+02
-6.414500000000002728e+02
-2.760500000000005798e+02
-7.023499999999988859e+02
-1.133599999999993315e+03
-1.370500000000000966e+02
-4.417500000000023306e+02
-4.962000000000017508e+02
-1.621500000000000909e+02
-8.564999999999963620e+02
-1.729000000000001762e+02
-1.140000000000000853e+02
-3.493500000000017849e+02
-6.026000000000011596e+02
-7.864999999999945430e+02
-1.411000000000001364e+02
-1.473000000000004661e+02
-2.803500000000008754e+02
-1.014499999999999886e+02
-8.734999999999979536e+01
-1.117500000000001137e+02
-2.709000000000007162e+02
-2.110000000000005969e+02
-7.063500000000002501e+02
-3.557500000000003411e+02
-9.045999999999957026e+02
-1.914999999999998010e+02
-5.490000000000006821e+02
-1.837500000000002274e+02
-3.834000000000012847e+02
-2.599999999999985789e+01
-1.369500000000001592e+02
-1.800500000000003809e+02
-1.910500000000002956e+02
-1.082499999999998579e+02
-4.083500000000017849e+02
-8.797999999999969987e+02
-1.887000000000001592e+02
-8.955000000000011084e+01
-1.273500000000001080e+02
-2.571000000000007049e+02
-1.007499999999998863e+02
-7.381500000000002046e+02
-2.917000000000017508e+02
-1.730000000000001705e+02
-3.741500000000015689e+02
-6.335000000000006537e+01
-4.204000000000010573e+02
-2.094000000000004604e+02
-1.086000000000000512e+02
-2.559500000000011823e+02
-3.834999999999954667e+01
-1.864000000000002615e+02
-1.070999999999998806e+02
-1.143500000000000512e+02
-4.089500000000020918e+02
-9.334999999999998010e+01
-3.020000000000003979e+02
-1.422000000000000455e+02
-1.229500000000002444e+02
-1.605000000000001421e+02
-2.854500000000013529e+02
-1.476000000000002217e+02
-5.849999999999997726e+02
-7.493000000000034788e+02
-1.794500000000002728e+02
-3.474999999999984368e+01
-1.352000000000002728e+02
-1.373500000000000512e+02
-2.064000000000013415e+02
-2.561500000000010004e+02
-5.968500000000043428e+02
-2.300500000000005230e+02
-5.691500000000012278e+02
-8.744999999999981810e+01
-2.535000000000012506e+02
-7.469999999999978968e+01
-1.642500000000000000e+02
-1.180999999999998238e+02
-2.729500000000007276e+02
-1.067000000000001592e+02
-2.391500000000010004e+02
-6.145000000000004547e+02
-1.377000000000003013e+02
-4.812500000000013074e+02
-3.470000000000013074e+01
-7.879999999999988347e+01
-1.703000000000002387e+02
-1.964999999999999147e+02
-2.200500000000005514e+02
-3.489500000000020350e+02
-2.219999999999998579e+02
-1.987500000000001421e+02
-8.874999999999975842e+01
-4.697000000000028876e+02
-3.288500000000019554e+02
-2.748500000000009322e+02
-2.118500000000006196e+02
-6.816499999999969077e+02
-9.254999999999985505e+01
-4.301500000000010573e+02
-2.229500000000001876e+02
-1.112999999999998124e+02
-1.959999999999977405e+01
-5.699500000000035698e+02
5.150000000000000355e+00
-6.580000000000002558e+01
-1.019000000000002046e+02
-1.129500000000000739e+02
-7.399999999999995737e+01
-6.907999999999990450e+02
-8.269999999999990337e+01
-3.592000000000019213e+02
-9.299999999999954525e+00
-3.438000000000011482e+02
-7.059999999999996589e+01
-6.300000000000000000e+01
-4.554999999999992610e+01
-1.188000000000001535e+02
-1.860999999999999943e+02
-4.949999999999953104e+00
-3.844999999999993889e+01
-2.749500000000009550e+02
-1.317499999999997442e+02
1.390000000000004476e+01
-2.031999999999999602e+02
-1.168499999999999943e+02
-9.119999999999957652e+01
-7.219999999999983231e+01
-1.060500000000000966e+02
-8.604999999999981242e+01
-2.440500000000014893e+02
-4.184999999999980247e+01
-9.620000000000000284e+01
-5.630000000000002558e+01
-5.794999999999987494e+01
-1.097000000000002444e+02
-5.564999999999982094e+01
-6.009999999999996589e+01
-8.629999999999979821e+01
-8.699999999999997158e+01
-4.654500000000016939e+02
-4.176000000000022396e+02
-1.023499999999999943e+02
-1.919000000000003752e+02
-8.444999999999986073e+01
-1.531500000000002899e+02
-1.015999999999999375e+02
-5.864000000000010004e+02
-1.306500000000002046e+02
-1.092999999999996419e+02
-5.459999999999985221e+01
-2.550000000000000711e+01
-4.276500000000032173e+02
-4.524999999999970157e+01
-1.157499999999999147e+02
-1.954999999999999716e+01
-6.590000000000011937e+01
-9.190000000000016200e+01
-1.759999999999995168e+01
-3.300500000000009777e+02
-5.939999999999996305e+01
-3.906500000000023078e+02
-1.039999999999996305e+01
-1.313500000000000227e+02
-5.184500000000024329e+02
-1.119000000000004889e+02
-1.009999999999997300e+01
-3.371000000000019554e+02
-2.599499999999998749e+02
-1.749999999999994600e+02
-3.166500000000018531e+02
-1.249999999999983658e+01
-3.085000000000000142e+01
-5.624999999999995737e+01
-1.589500000000001307e+02
-7.329999999999975557e+01
-9.309999999999986642e+01
-5.622000000000005002e+02
-1.034999999999997300e+01
-1.547000000000001307e+02
-2.572999999999999545e+02
-1.929000000000002615e+02
1.090000000000004654e+01
-3.030000000000012506e+01
-8.499999999999943157e-01
-1.208500000000003070e+02
-9.994999999999942020e+01
-6.424999999999984368e+01
-2.951500000000018531e+02
-8.385000000000002274e+01
-3.374999999999992895e+01
-3.718500000000014438e+02
-6.699999999999971578e+01
-2.379999999999998295e+01
-6.956499999999997499e+02
-1.119500000000001023e+02
-3.835000000000031264e+02
-5.519999999999983231e+01
-4.214999999999991331e+01
-3.274000000000017963e+02
-2.040000000000014779e+01
-1.105999999999998522e+02
-4.704999999999984084e+01
-9.549999999999805311e+00
-3.574999999999993605e+01
-2.865500000000001251e+02
2.334999999999999076e+01
-4.264999999999995595e+01
-5.221500000000019099e+02
-6.789999999999983515e+01
-3.524999999999990052e+01
-1.694999999999994600e+01
-3.779999999999997584e+01
-2.211000000000004491e+02
-5.219999999999997442e+01
-7.449999999999995737e+00
-4.776000000000016712e+02
7.400000000000000355e+00
-4.964999999999982094e+01
-1.770499999999999829e+02
-5.454999999999994031e+01
-1.608499999999999375e+02
3.464999999999999147e+01
-3.104999999999976268e+01
-7.134999999999945430e+01
-2.576000000000021828e+02
-1.053999999999996930e+02
-1.384999999999998010e+01
-2.154999999999993321e+01
9.999999999999431566e-02
-2.954999999999984794e+01
-1.298999999999997499e+02
-2.269999999999998863e+01
-1.184999999999983800e+01
2.440000000000006963e+01
-1.495000000000005684e+02
-3.799999999999961631e+00
-9.105000000000008242e+01
-3.079999999999985505e+01
-7.519999999999971863e+01
-5.243500000000027512e+02
-3.759999999999996589e+01
-3.461000000000009891e+02
-7.519999999999983231e+01
-7.499999999999289457e-01
-3.695000000000030695e+02
1.615000000000004832e+01
1.430000000000002736e+01
-3.344999999999968310e+01
-9.769999999999974705e+01
-4.308000000000017167e+02
-3.799999999999982947e+00
-1.199999999999924682e+00
-3.287500000000015348e+02
-5.464500000000016371e+02
-2.970000000000031264e+02
-6.449999999999974420e+00
-1.144999999999990337e+01
1.589999999999998437e+01
-1.669000000000003752e+02
-7.569999999999988631e+02
-2.794999999999998863e+01
-2.084999999999994458e+01
1.710000000000004050e+01
-5.215500000000045020e+02
-1.924999999999992184e+01
9.300000000000069988e+00
-4.330000000000043769e+02
-3.160000000000000568e+02
-5.254999999999991189e+01
-8.125000000000008527e+01
-1.859000000000001194e+02
-5.439999999999989200e+01
-1.695000000000001705e+01
-5.649999999999934630e+00
6.650000000000055422e+00
2.480000000000001137e+01
-7.950000000000017053e+00
-3.214999999999992042e+01
-5.894999999999980389e+01
-1.384000000000002331e+02
1.524999999999998046e+01
-2.405000000000000426e+01
6.025000000000000711e+01
-7.644999999999942020e+01
1.949999999999999289e+01
-4.092500000000030127e+02
3.679999999999999005e+01
-5.249000000000016826e+02
3.300000000000001421e+01
-9.739999999999979252e+01
-1.874999999999986500e+01
-4.399999999999820943e+00
-1.369999999999998863e+01
-1.589999999999992752e+01
-2.415000000000014779e+01
-2.379999999999984794e+01
-1.111500000000001592e+03
-3.004999999999976268e+01
-8.339999999999973568e+01
-8.029999999999985505e+01
-2.525000000000001421e+01
-3.424500000000005571e+02
-3.570000000000000284e+01
-2.229500000000014666e+02
2.905000000000001137e+01
2.190000000000003411e+01
-1.494999999999994600e+01
3.279999999999999716e+01
1.880000000000006821e+01
-3.721000000000029218e+02
-4.307500000000032401e+02
9.399999999999984368e+00
4.250000000000000000e+01
-8.349999999999909051e+00
7.150000000000025224e+00
1.715000000000001279e+01
4.295000000000003126e+01
9.500000000000738964e-01
-3.704999999999992610e+01
5.449999999999997868e+01
4.254999999999997584e+01
-1.793500000000008185e+02
-4.013000000000030241e+02
-7.199999999999974420e+00
9.400000000000014566e+00
-4.099999999999923261e+00
-5.289999999999960778e+01
9.350000000000051159e+00
-2.428500000000004775e+02
1.540000000000009805e+01
-8.564999999999965041e+01
2.375000000000004263e+01
2.015000000000004476e+01
-6.149999999999985789e+01
4.790000000000000568e+01
3.670000000000000284e+01
3.584999999999999432e+01
2.955000000000001492e+01
-2.949999999999810996e+00
2.310000000000004405e+01
-9.019999999999967599e+01
-1.363499999999998522e+02
-6.169999999999937756e+01
-8.144999999999969020e+01
1.435000000000001386e+01
2.165000000000007674e+01
3.619999999999997442e+01
8.526512829121202230e-14
-8.280000000000009663e+01
4.994999999999999574e+01
4.875000000000000711e+01
2.430000000000000426e+01
-3.599999999999979394e+01
2.559999999999999432e+01
-2.349999999999960210e+01
7.525000000000000000e+01
-5.851500000000031605e+02
-1.448499999999999943e+02
2.354999999999999005e+01
4.300000000000006395e+01
4.819999999999997442e+01
-1.649999999999953104e+01
-9.144999999999966178e+01
-8.250000000000000000e+00
4.189999999999999858e+01
-1.362499999999996589e+02
-1.246500000000000057e+02
1.555000000000006999e+01
4.525000000000000000e+01
4.174999999999998579e+01
2.240000000000000213e+01
4.475000000000001421e+01
-3.970000000000003837e+01
1.200000000000066791e+00
-8.027499999999974989e+02
-1.485000000000007105e+02
5.789999999999999147e+01
9.199999999999992184e+00
-8.849999999999992895e+01
-3.369999999999979678e+01
-2.074500000000022339e+02
4.505000000000001847e+01
-2.035999999999995111e+02
-2.848499999999997385e+02
2.020000000000000639e+01
5.105000000000002558e+01
5.024999999999998579e+01
6.749999999999997158e+01
7.550000000000043343e+00
-7.024999999999987210e+01
6.679999999999996874e+01
-8.674999999999970157e+01
-3.904999999999927951e+01
-1.971000000000015859e+02
4.455000000000003979e+01
2.879999999999994742e+01
3.085000000000007958e+01
-9.549999999999904787e+00
4.300000000000009237e+01
-6.034999999999955378e+01
