6.384999999999998721e+01
4.549999999999999289e+01
5.979999999999999005e+01
-5.999999999996674660e-01
5.445000000000013074e+01
7.475000000000000000e+01
-4.639999999999943725e+01
3.959999999999998721e+01
6.785000000000002274e+01
5.924999999999998579e+01
-2.124999999999974420e+01
-3.595500000000019440e+02
4.429999999999998295e+01
4.419999999999997442e+01
6.534999999999999432e+01
8.009999999999999432e+01
-1.074999999999980105e+01
6.539999999999997726e+01
2.869999999999998863e+01
-7.790000000000003411e+01
4.244999999999998863e+01
3.575000000000002132e+01
3.114999999999999147e+01
7.325000000000001421e+01
5.050000000000003553e+01
5.549999999999997868e+01
4.900000000000204636e+00
-1.384499999999998465e+02
-4.749999999999793943e+00
-9.699999999999796785e+00
-1.674000000000009436e+02
-3.699500000000016371e+02
5.314999999999998437e+01
-1.061499999999996362e+02
4.964999999999998437e+01
6.454999999999998295e+01
3.590000000000001990e+01
7.914999999999999147e+01
4.724999999999999289e+01
-9.544999999999963336e+01
5.304999999999999716e+01
-7.134999999999958220e+01
2.245000000000022311e+01
-1.117199999999999818e+03
5.209999999999998721e+01
5.085000000000000142e+01
8.250000000000108358e+00
5.485000000000000853e+01
4.399999999999992895e+01
-6.354999999999922977e+01
5.460000000000000142e+01
-1.494499999999991928e+02
3.954999999999997584e+01
5.244999999999998863e+01
8.749999999999982236e+00
3.519999999999997442e+01
-1.277500000000013074e+02
3.840000000000000568e+01
-2.999999999999758415e-01
1.250000000000000355e+01
6.750000000000002842e+01
5.750000000000062172e+00
3.985000000000001563e+01
5.669999999999999574e+01
7.604999999999999716e+01
4.594999999999998153e+01
3.305000000000002558e+01
3.855000000000000426e+01
-5.489999999999920988e+01
-5.925000000000000000e+02
-1.602999999999998124e+02
-1.956000000000001933e+02
7.525000000000001421e+01
3.055000000000002558e+01
3.984999999999999432e+01
8.649999999999971934e+00
5.875000000000000000e+01
8.000000000000113687e-01
-1.234999999999965326e+01
-1.725000000000001705e+02
7.000000000000000000e+01
-7.194999999999980389e+01
-5.889999999999972147e+01
-6.930999999999974079e+02
7.409999999999999432e+01
-2.234500000000003865e+02
-1.272000000000004150e+02
5.929999999999996163e+01
-5.074999999999987210e+01
6.240000000000000568e+01
5.854999999999996874e+01
8.350000000000000000e+01
4.089999999999999147e+01
6.800000000000000000e+01
3.004999999999997939e+01
4.344999999999987494e+01
4.929999999999997584e+01
-1.154999999999968452e+01
-6.614999999999994884e+01
3.774999999999997868e+01
3.014999999999999503e+01
-2.713500000000015575e+02
1.545000000000006857e+01
7.555000000000001137e+01
5.929999999999998295e+01
3.700000000000000711e+01
5.129999999999999716e+01
-7.979999999999957083e+01
4.440000000000000568e+01
5.570000000000002416e+01
5.990000000000008384e+01
4.999999999999502620e-01
-7.744999999999926388e+01
8.950000000000017053e+00
4.100000000000002842e+01
-2.301500000000012847e+02
4.809999999999997300e+01
-6.560000000000013642e+01
3.380000000000000426e+01
-2.479500000000004150e+02
3.264999999999997726e+01
-1.199999999999931788e+00
2.535000000000001208e+01
-6.744999999999969020e+01
4.820000000000003126e+01
6.855000000000001137e+01
3.760000000000000142e+01
5.939999999999999858e+01
5.190000000000000568e+01
3.954999999999998295e+01
6.934999999999999432e+01
7.115000000000004832e+01
3.269999999999999574e+01
4.359999999999996589e+01
5.890000000000002700e+01
-3.482500000000000000e+02
7.755000000000001137e+01
2.175000000000002132e+01
5.440000000000000568e+01
1.999999999999989342e+00
-1.104999999999995168e+02
-4.844999999999983231e+01
6.865000000000003411e+01
2.624999999999998579e+01
5.149999999999998579e+01
-1.255000000000003979e+02
8.014999999999997726e+01
5.594999999999996021e+01
3.794999999999999574e+01
3.680000000000001137e+01
7.325000000000000000e+01
3.669999999999998863e+01
3.730000000000003979e+01
4.454999999999996163e+01
6.929999999999998295e+01
5.939999999999999858e+01
-2.619999999999986073e+01
1.674999999999998934e+01
6.399999999999998579e+01
5.805000000000002558e+01
2.644999999999996732e+01
5.874999999999996447e+01
-1.155949999999999136e+03
-9.232500000000045475e+02
7.945000000000001705e+01
6.435000000000002274e+01
4.904999999999999005e+01
1.960000000000012932e+01
5.434999999999998010e+01
-4.189999999999911040e+01
-1.879000000000003183e+02
-4.484999999999980957e+01
2.989999999999997016e+01
8.549999999999997158e+01
4.714999999999999147e+01
8.380000000000002558e+01
4.945000000000000284e+01
5.514999999999997016e+01
-4.214000000000023647e+02
1.500000000000909495e-01
5.184999999999995879e+01
4.450000000000134293e+00
6.664999999999999147e+01
-1.059999999999980247e+01
-5.249999999999509726e+00
-2.593000000000003524e+02
4.409999999999998010e+01
5.649999999999998579e+01
-1.600000000000086686e+00
3.814999999999999858e+01
1.870000000000002061e+01
5.029999999999999005e+01
6.770000000000001705e+01
2.849999999999994316e+01
-1.101500000000002899e+02
6.629999999999998295e+01
5.164999999999998437e+01
4.015000000000005542e+01
-5.664999999999942304e+01
6.964999999999997726e+01
-2.225999999999998806e+02
7.584999999999999432e+01
4.239999999999997016e+01
3.215000000000005542e+01
-2.059999999999969589e+01
1.130000000000015881e+01
-3.849500000000011823e+02
-5.689999999999980673e+01
-1.150000000000002132e+01
2.064999999999999503e+01
-8.467000000000007276e+02
7.854999999999999716e+01
5.134999999999999432e+01
-4.094999999999955520e+01
-1.750500000000000114e+02
-3.057000000000013529e+02
-3.999999999999994316e+01
4.229999999999999716e+01
8.020000000000001705e+01
5.230000000000001847e+01
-4.774999999999928946e+01
-1.283999999999996930e+02
-3.609999999999969589e+01
5.334999999999997300e+01
6.720000000000001705e+01
3.750000000000000711e+01
-2.585000000000001563e+01
6.649999999999998579e+01
-5.234999999999931219e+01
3.584999999999999432e+01
2.974999999999997158e+01
5.674999999999999289e+01
5.469999999999999574e+01
3.785000000000000142e+01
-8.500000000000000000e+01
1.274999999999999289e+01
7.890000000000000568e+01
5.264999999999999858e+01
4.434999999999998721e+01
-2.434999999999995168e+01
3.804999999999999716e+01
8.250000000000002842e+01
-1.529999999999982663e+01
3.994999999999996732e+01
-2.650000000000005684e+02
2.910000000000000853e+01
3.340000000000001279e+01
6.335000000000001563e+01
6.440000000000000568e+01
-3.949999999999996447e+01
-7.625000000000024158e+01
-4.075500000000021146e+02
4.739999999999998437e+01
-5.749999999999944578e+01
5.209999999999995168e+01
-9.039999999999966462e+01
7.264999999999997726e+01
-2.878500000000011028e+02
4.915000000000001279e+01
6.720000000000000284e+01
-2.441999999999994202e+02
3.819999999999996732e+01
3.364999999999999858e+01
-3.119999999999982521e+01
-4.994999999999976126e+01
6.525000000000001421e+01
7.405000000000001137e+01
-3.269999999999946283e+01
1.210000000000012932e+01
4.744999999999995310e+01
4.824999999999995737e+01
5.244999999999998863e+01
5.174999999999997868e+01
5.414999999999998437e+01
5.514999999999999858e+01
2.670000000000000995e+01
-5.615500000000009777e+02
-1.500000000000127898e-01
-7.404999999999979821e+01
-3.554999999999939320e+01
4.599999999999995737e+01
5.264999999999999147e+01
5.719999999999996732e+01
2.199999999999998934e+01
2.404999999999995453e+01
-6.649999999999990052e+01
8.000000000000000000e+01
7.965000000000001990e+01
5.694999999999999574e+01
4.229999999999996874e+01
-3.085000000000005116e+01
2.949999999999997868e+01
6.470000000000000284e+01
5.379999999999999005e+01
1.995000000000007034e+01
3.364999999999997016e+01
6.740000000000000568e+01
8.054999999999999716e+01
5.314999999999999147e+01
6.005000000000000426e+01
-5.579999999999982663e+01
5.339999999999999147e+01
-1.444999999999919282e+01
6.320000000000000995e+01
-2.865500000000027399e+02
-2.573500000000004775e+02
7.454999999999999716e+01
4.404999999999999005e+01
4.449999999999998579e+01
1.035000000000000497e+01
6.434999999999999432e+01
-6.459999999999948272e+01
9.350000000000052935e+00
6.380000000000001137e+01
8.454999999999998295e+01
6.610000000000006537e+01
4.115000000000001279e+01
2.565000000000005542e+01
5.820000000000002416e+01
1.160000000000000142e+01
-1.212999999999997556e+02
5.209999999999998721e+01
5.224999999999997158e+01
-2.783500000000004775e+02
-3.334999999999954667e+01
-6.839999999999956515e+01
1.445000000000019114e+01
-1.469499999999998181e+02
-1.888500000000013017e+02
5.840000000000001279e+01
7.384999999999999432e+01
-1.704999999999983373e+01
-4.279999999999989058e+01
5.490000000000000568e+01
-2.674999999999898392e+01
-7.100000000000015632e+00
5.374999999999998579e+01
5.739999999999999147e+01
4.415000000000009095e+01
-1.351500000000000341e+02
4.839999999999999858e+01
-3.764499999999954525e+03
4.634999999999999432e+01
4.640000000000000568e+01
-4.049999999999964473e+01
1.545000000000010232e+01
6.014999999999997726e+01
5.194999999999999574e+01
7.110000000000002274e+01
5.020000000000000995e+01
7.569999999999998863e+01
2.150000000000000711e+01
-5.699999999999927525e+01
5.924999999999995737e+01
5.394999999999998153e+01
8.469999999999998863e+01
5.935000000000001563e+01
3.845000000000000995e+01
5.224999999999997868e+01
-1.624999999999951683e+01
6.560000000000000853e+01
4.904999999999998295e+01
-3.509000000000012278e+02
-1.386499999999998636e+02
-9.634999999999971010e+01
-1.094500000000003013e+02
4.029999999999999716e+01
7.965000000000000568e+01
-3.630000000000000000e+02
-7.249999999999786837e+00
3.980000000000000426e+01
-2.170999999999993122e+02
-2.375500000000004661e+02
6.209999999999998721e+01
3.615000000000001279e+01
-6.660000000000002274e+01
-3.279999999999984794e+01
-2.428000000000000398e+02
-2.172000000000001307e+02
2.544999999999996376e+01
6.704999999999996874e+01
6.395000000000000284e+01
-3.239999999999952252e+01
6.954999999999999716e+01
2.139999999999999503e+01
5.479999999999998295e+01
7.490000000000000568e+01
-2.199999999999972999e+01
8.404999999999998295e+01
3.400000000000004263e+01
1.765000000000006963e+01
4.415000000000000568e+01
-1.609999999999980957e+01
4.679999999999999716e+01
-2.374000000000013699e+02
-1.983000000000004093e+02
1.325000000000007283e+01
3.765000000000009805e+01
3.370000000000000284e+01
7.520000000000001705e+01
9.250000000000010658e+00
4.419999999999998153e+01
1.454999999999995630e+01
7.429999999999999716e+01
7.329999999999998295e+01
-1.407499999999996305e+02
8.479999999999998295e+01
-8.440000000000011937e+01
-8.125000000000005684e+01
1.240000000000033964e+01
7.290000000000000568e+01
-6.349999999999731415e+00
-1.552499999999997726e+02
7.865000000000003411e+01
4.420000000000001705e+01
-2.231000000000011312e+02
-6.809999999999986642e+01
-5.289999999999946567e+01
6.544999999999998863e+01
-6.300000000000046896e+00
2.549999999999999645e+01
7.960000000000002274e+01
4.949999999999995737e+01
-4.629999999999964189e+01
-8.549999999999833733e+00
-4.855000000000003979e+01
-1.069999999999998685e+01
-7.140000000000000568e+01
-4.334999999999947562e+01
-2.149999999999998579e+00
3.530000000000000426e+01
7.334999999999996589e+01
-1.557499999999998579e+02
-3.394999999999936335e+01
-8.739999999999976410e+01
6.949999999999997158e+01
5.514999999999998437e+01
4.859999999999997300e+01
5.820000000000000995e+01
4.544999999999993889e+01
3.365000000000003411e+01
4.990000000000001990e+01
7.470000000000000284e+01
-2.329999999999976978e+01
2.784999999999999787e+01
4.619999999999996732e+01
5.304999999999999005e+01
7.760000000000002274e+01
-1.594999999999976126e+01
4.020000000000000284e+01
-9.820000000000057128e+01
4.750000000000001421e+01
-9.029999999999965610e+01
-8.454999999999965610e+01
4.699999999999997158e+01
5.889999999999998437e+01
6.429999999999998295e+01
3.889999999999994174e+01
-2.014999999999997016e+01
6.375000000000000711e+01
1.935000000000024301e+01
6.374999999999997158e+01
5.425000000000000711e+01
7.119999999999998863e+01
6.160000000000002274e+01
7.369999999999998863e+01
6.970000000000001705e+01
5.600000000000067146e+00
3.789999999999999147e+01
-1.281999999999999886e+02
4.705000000000003979e+01
4.139999999999998437e+01
4.319999999999998153e+01
5.115000000000000568e+01
-4.619000000000007162e+02
5.249999999999992895e+01
5.950000000000000000e+01
5.249999999999999289e+01
5.715000000000000568e+01
7.435000000000000853e+01
6.884999999999999432e+01
3.029999999999999716e+01
7.650000000000000000e+01
1.455000000000012328e+01
4.294999999999998153e+01
-5.200000000000038369e+00
5.965000000000001279e+01
5.704999999999999005e+01
6.449999999999998579e+01
-1.549999999999963052e+01
-1.317499999999989768e+02
-1.329999999999971294e+01
8.350000000000058265e+00
5.309999999999995879e+01
6.434999999999998010e+01
5.490000000000000568e+01
5.039999999999997726e+01
-4.049999999999999289e+01
5.939999999999999858e+01
5.050000000000000711e+01
6.584999999999993747e+01
6.594999999999996021e+01
3.450000000000201794e+00
5.284999999999999432e+01
-5.404999999999995453e+01
-6.791500000000031605e+02
3.664999999999997726e+01
8.479999999999999716e+01
6.729999999999999716e+01
3.705000000000001847e+01
4.394999999999998863e+01
-4.749500000000022624e+02
7.099999999999997158e+01
-2.524999999999923972e+01
1.729999999999998295e+01
4.899999999999998579e+01
7.600000000000000000e+01
6.969999999999998863e+01
6.454999999999998295e+01
-3.174000000000023647e+02
8.544999999999998863e+01
3.885000000000000853e+01
-4.399999999999916156e+01
5.619999999999998863e+01
6.504999999999998295e+01
6.794999999999997442e+01
-1.659999999999988773e+01
-1.402499999999997726e+02
5.309999999999998721e+01
-4.665000000000000568e+01
-1.395000000000000284e+01
-2.009999999999983089e+01
5.535000000000000853e+01
-1.382449999999997772e+03
-4.700000000000002842e+00
6.325000000000001421e+01
3.884999999999998721e+01
-5.004999999999968452e+01
-4.200000000000010800e+02
4.884999999999995879e+01
4.485000000000005116e+01
-2.147499999999995737e+02
6.570000000000001705e+01
-5.749999999999992895e+01
5.919999999999998863e+01
-9.299999999999705835e+00
5.464999999999999147e+01
-1.760699999999998226e+03
-8.274000000000000909e+02
5.794999999999997442e+01
-3.788500000000000227e+02
7.449999999999997513e+00
-1.115000000000004121e+01
6.190000000000000568e+01
7.635000000000000853e+01
7.950000000000000000e+01
7.199999999999997158e+01
4.680000000000003979e+01
4.624999999999997158e+01
7.680000000000001137e+01
-3.063000000000015461e+02
4.960000000000000853e+01
4.929999999999998295e+01
2.400000000000001421e+01
5.885000000000002274e+01
2.425000000000004619e+01
4.979999999999997584e+01
-4.204999999999915872e+01
4.560000000000000853e+01
6.709999999999999432e+01
7.430000000000001137e+01
1.129999999999997229e+01
-2.609999999999973852e+01
4.299999999999975842e+00
-1.855500000000017735e+02
3.574999999999997868e+01
7.000000000000000000e+01
1.705000000000005400e+01
5.954999999999999005e+01
6.304999999999999716e+01
7.484999999999999432e+01
6.975000000000000000e+01
4.654999999999996163e+01
-9.479999999999972715e+01
-8.014999999999953673e+01
2.730000000000000071e+01
-9.949999999999569411e+00
-1.471149999999998272e+03
-2.068499999999992838e+02
-1.110499999999998835e+02
4.809999999999997300e+01
8.149999999999995026e+00
6.610000000000000853e+01
-1.455999999999993122e+02
4.784999999999995168e+01
2.215000000000001279e+01
-4.349999999999971578e+01
3.255000000000002558e+01
-2.797000000000017508e+02
4.945000000000009521e+01
3.405000000000003979e+01
-1.214999999999969305e+01
3.169999999999999929e+01
3.740000000000002700e+01
-5.966000000000033197e+02
-3.919000000000008868e+02
4.089999999999997726e+01
-3.789999999999987068e+01
2.669999999999998153e+01
7.480000000000001137e+01
4.949999999999998579e+01
3.539999999999999147e+01
4.625000000000000000e+01
-1.384999999999974563e+01
6.525000000000001421e+01
5.774999999999997158e+01
-3.107500000000000568e+02
5.274999999999996447e+01
-3.986000000000010459e+02
-2.100000000000008527e+00
-2.909999999999974563e+01
6.440000000000000568e+01
4.959999999999998010e+01
2.779999999999999361e+01
6.770000000000001705e+01
-1.838999999999993520e+02
7.455000000000001137e+01
7.050000000000000000e+01
2.384999999999997300e+01
7.975000000000000000e+01
2.439999999999998437e+01
5.144999999999998153e+01
5.959999999999998010e+01
-2.293500000000005059e+02
7.410000000000000853e+01
5.454999999999999005e+01
5.490000000000002700e+01
6.650000000000000000e+01
3.500000000001293188e-01
-6.195000000000002274e+02
6.244999999999999574e+01
6.425000000000000000e+01
-5.589999999999938041e+01
5.415000000000000568e+01
6.895000000000000284e+01
4.100000000000000000e+01
6.984999999999998010e+01
1.890000000000000213e+01
6.655000000000001137e+01
3.394999999999997442e+01
-2.800000000000000711e+01
2.854999999999999005e+01
3.864999999999999147e+01
-5.359999999999965326e+01
-1.835000000000007248e+01
5.304999999999999716e+01
2.355000000000005045e+01
7.970000000000001705e+01
7.305000000000001137e+01
4.440000000000001279e+01
-1.103900000000004638e+03
2.590000000000009095e+01
-1.535000000000010800e+01
7.944999999999996021e+01
4.900000000000000711e+01
6.415000000000001990e+01
4.604999999999996163e+01
-1.371499999999993520e+02
5.655000000000002558e+01
2.595000000000004192e+01
-1.051499999999994941e+02
-8.429999999999957083e+01
7.945000000000003126e+01
4.389999999999994174e+01
8.209999999999999432e+01
-7.649999999999785416e+00
7.920000000000001705e+01
3.439999999999994884e+01
7.840000000000003411e+01
5.675000000000000000e+01
9.100000000000035172e+00
6.330000000000001847e+01
5.225000000000002132e+01
7.494999999999997442e+01
5.849999999999997868e+01
9.700000000000045475e+00
-1.749149999999993270e+03
5.849999999999980105e+00
7.390000000000000568e+01
1.600000000000008527e+01
6.355000000000005400e+01
1.750000000000270006e+00
5.755000000000000426e+01
2.874999999999998934e+01
-2.494999999999952678e+01
3.234999999999996589e+01
-2.304999999999975557e+01
1.435000000000013110e+01
-9.865000000000047464e+01
5.144999999999999574e+01
5.789999999999999858e+01
-2.890000000000023874e+02
5.294999999999998863e+01
7.404999999999998295e+01
-3.885000000000003695e+01
3.024999999999999289e+01
3.929999999999996163e+01
6.779999999999996874e+01
7.965000000000000568e+01
-2.207500000000003126e+02
-3.699999999999995737e+00
-2.607000000000011255e+02
6.865000000000001990e+01
-5.319999999999987494e+01
-6.249999999999971578e+00
3.169999999999999574e+01
3.569999999999991758e+01
2.624999999999997868e+01
4.910000000000000142e+01
6.520000000000001705e+01
6.345000000000000284e+01
6.989999999999999147e+01
-4.590000000000006253e+01
7.210000000000002274e+01
4.160000000000006537e+01
6.190000000000000568e+01
-4.134999999999991616e+01
4.994999999999995310e+01
4.194999999999999574e+01
5.734999999999999432e+01
1.170000000000017337e+01
4.830000000000003979e+01
4.299999999999975842e+00
-1.337499999999999432e+02
7.019999999999998863e+01
4.809999999999997300e+01
-5.304999999999954241e+01
7.374999999999997158e+01
-1.564999999999996305e+01
7.059999999999999432e+01
-8.054999999999988347e+01
5.869999999999994600e+01
3.689999999999999858e+01
-5.824999999999997158e+01
-1.323999999999997215e+02
7.459999999999999432e+01
3.020000000000007034e+01
-6.004999999999942872e+01
6.514999999999999147e+01
-4.969999999999942020e+01
2.310000000000013642e+01
3.915000000000000568e+01
4.544999999999998863e+01
5.189999999999999147e+01
4.839999999999992042e+01
-2.198500000000005627e+02
6.209999999999998721e+01
6.950000000000000000e+01
7.000000000000000000e+01
4.200000000000075673e+00
7.099999999999997158e+01
4.114999999999997726e+01
4.949999999999988631e+00
-9.829999999999935767e+01
-9.999999999999431566e-02
-2.780250000000000000e+03
4.119999999999996732e+01
1.415000000000000036e+01
-6.199999999999683098e+00
3.439999999999997016e+01
1.515000000000043912e+01
-2.899999999999962341e+01
6.539999999999999147e+01
5.344999999999998863e+01
6.305000000000003268e+01
-2.345000000000009663e+02
-8.714999999999962199e+01
-2.477000000000001876e+02
7.844999999999998863e+01
6.509999999999993747e+01
-4.929999999999954241e+01
-2.298500000000025238e+02
2.975000000000004974e+01
5.835000000000000142e+01
4.749999999999997868e+01
-5.894999999999976126e+01
6.649999999999994316e+01
-1.175999999999998096e+02
4.689999999999995595e+01
6.500000000000000000e+01
3.945000000000007390e+01
6.009999999999999432e+01
3.749999999999985789e+00
2.014999999999998437e+01
7.155000000000001137e+01
2.335000000000001563e+01
-1.289150000000000318e+03
-6.464999999999938041e+01
-6.250000000000021316e+00
-1.140000000000001279e+01
5.379999999999999005e+01
5.774999999999995026e+01
-5.964999999999947988e+01
2.585000000000011866e+01
-1.044999999999997016e+02
3.140000000000004121e+01
2.194999999999998508e+01
-2.883000000000000682e+02
4.589999999999999858e+01
6.850000000000000000e+01
3.179999999999997584e+01
-2.734499999999996476e+02
5.655000000000002558e+01
2.214999999999998082e+01
4.569999999999997442e+01
-2.199999999999991758e+02
-2.281500000000015405e+02
6.305000000000000426e+01
6.239999999999999147e+01
-7.913999999999998636e+02
2.105000000000003979e+01
-5.409999999999963904e+01
3.505000000000003268e+01
5.889999999999995595e+01
2.149999999999984368e+00
-2.500000000000019043e+02
5.055000000000001137e+01
4.334999999999996589e+01
-1.031999999999994486e+02
-1.699000000000003183e+02
6.270000000000003126e+01
5.409999999999998010e+01
5.110000000000000142e+01
7.135000000000002274e+01
-1.169999999999988205e+01
-3.600000000000044054e+00
1.450000000000009948e+00
-1.060000000000004832e+02
1.985000000000004050e+01
5.489999999999999858e+01
1.740000000000001279e+01
-1.607499999999997726e+02
1.165000000000009450e+01
3.799999999999998579e+01
-4.004999999999952820e+01
-3.506500000000045247e+02
-2.014499999999994486e+02
-2.065000000000002700e+01
-1.079999999999969162e+01
7.484999999999999432e+01
-1.419999999999998863e+01
-3.550000000000004263e+00
-1.945000000000000568e+02
-9.749999999999985789e+00
8.094999999999998863e+01
5.020000000000000995e+01
4.204999999999999005e+01
5.809999999999999432e+01
7.125000000000000000e+01
-5.404999999999992610e+01
-1.162499999999997726e+02
4.994999999999997442e+01
6.335000000000001563e+01
-2.184000000000003467e+02
-4.799999999999982947e+00
3.340000000000001990e+01
6.409999999999999432e+01
-2.518000000000009777e+02
-1.857499999999999432e+02
5.884999999999998721e+01
2.819999999999999574e+01
7.520000000000001705e+01
3.239999999999997726e+01
-1.705499999999994145e+02
-2.599999999999999289e+01
3.024999999999999289e+01
-1.029999999999941451e+01
-1.696000000000003070e+02
8.125000000000000000e+01
1.189999999999999147e+01
6.725000000000000000e+01
2.470000000000000995e+01
-1.515000000000009095e+01
3.654999999999996163e+01
3.969999999999996732e+01
2.630000000000006111e+01
-8.834999999999997726e+02
3.955000000000008242e+01
4.914999999999999858e+01
6.280000000000000426e+01
4.839999999999999147e+01
5.350000000000152411e+00
6.070000000000000995e+01
-6.614999999999994884e+01
5.064999999999999147e+01
3.075000000000013856e+01
7.039999999999999147e+01
3.669999999999999574e+01
6.984999999999996589e+01
-1.564499999999998749e+02
5.790000000000001990e+01
-8.470000000000004547e+01
7.875000000000000000e+01
8.449999999999998579e+01
6.344999999999998863e+01
-8.239999999999972147e+01
3.759999999999998010e+01
5.879999999999999716e+01
-8.364999999999966462e+01
7.525000000000000000e+01
7.520000000000003126e+01
5.965000000000000568e+01
6.045000000000000284e+01
4.915000000000000568e+01
5.939999999999994884e+01
-3.509999999999964615e+01
-1.785000000000005826e+01
6.350000000000001421e+01
-4.478000000000012619e+02
5.930000000000002558e+01
-1.537999999999996703e+02
3.995000000000000995e+01
8.569999999999997442e+01
6.255000000000001847e+01
4.654999999999999716e+01
-4.568000000000057526e+02
6.995000000000000284e+01
1.999999999999815259e-01
4.874999999999998579e+01
-9.899999999999906208e+00
4.935000000000004405e+01
7.115000000000000568e+01
-1.275500000000002956e+02
5.394999999999999574e+01
-1.182500000000010516e+02
6.429999999999995453e+01
5.904999999999996874e+01
2.449999999999995737e+00
-3.090000000000000568e+01
-9.124999999999963052e+01
6.490000000000000568e+01
5.954999999999999005e+01
7.950000000000000000e+01
1.960000000000000853e+01
6.994999999999998863e+01
-7.269999999999934914e+01
-2.164499999999997897e+02
3.409999999999998010e+01
7.325000000000000000e+01
7.869999999999997442e+01
-4.174999999999988631e+01
6.944999999999998863e+01
7.030000000000001137e+01
7.075000000000000000e+01
-5.884999999999945430e+01
5.439999999999999147e+01
-2.309999999999980957e+01
2.639999999999999858e+01
3.199999999999996447e+01
-3.055999999999996817e+02
5.889999999999999147e+01
7.720000000000003126e+01
6.464999999999997726e+01
1.184999999999999254e+01
5.649999999999998579e+01
-3.884999999999967457e+01
5.454999999999999716e+01
5.790000000000000568e+01
3.864999999999997726e+01
2.225000000000008171e+01
6.644999999999997442e+01
8.059999999999999432e+01
7.454999999999998295e+01
2.949999999999994316e+01
-7.344999999999944862e+01
-9.564999999999935199e+01
-2.189999999999990621e+01
8.000000000000000000e+01
1.054999999999997584e+01
7.640000000000000568e+01
3.819999999999997442e+01
5.079999999999999716e+01
-2.774999999999997158e+01
3.595000000000005258e+01
4.050000000000002132e+01
6.849999999999980105e+00
4.214999999999990621e+01
4.985000000000000142e+01
1.505000000000016769e+01
-5.604999999999947136e+01
-9.412000000000032287e+02
5.975000000000002132e+01
8.160000000000000853e+01
1.620000000000001705e+01
4.950000000000038369e+00
5.154999999999998295e+01
6.680000000000001137e+01
-1.071499999999998920e+02
5.964999999999999858e+01
5.699999999999998579e+01
