2.370000000000000000e+02
3.020000000000000000e+02
2.110000000000000000e+02
6.640000000000000000e+02
2.760000000000000000e+02
2.310000000000000000e+02
7.630000000000000000e+02
3.430000000000000000e+02
3.230000000000000000e+02
2.420000000000000000e+02
4.550000000000000000e+02
1.000000000000000000e+03
2.520000000000000000e+02
2.250000000000000000e+02
2.260000000000000000e+02
2.210000000000000000e+02
6.430000000000000000e+02
2.460000000000000000e+02
2.720000000000000000e+02
1.000000000000000000e+03
2.340000000000000000e+02
4.590000000000000000e+02
2.970000000000000000e+02
1.970000000000000000e+02
2.500000000000000000e+02
2.440000000000000000e+02
4.270000000000000000e+02
1.000000000000000000e+03
5.250000000000000000e+02
5.100000000000000000e+02
1.000000000000000000e+03
1.000000000000000000e+03
2.850000000000000000e+02
5.910000000000000000e+02
4.380000000000000000e+02
2.360000000000000000e+02
2.410000000000000000e+02
2.400000000000000000e+02
2.940000000000000000e+02
5.630000000000000000e+02
2.690000000000000000e+02
8.660000000000000000e+02
5.110000000000000000e+02
1.000000000000000000e+03
2.190000000000000000e+02
3.090000000000000000e+02
4.480000000000000000e+02
2.210000000000000000e+02
2.690000000000000000e+02
8.470000000000000000e+02
2.610000000000000000e+02
1.000000000000000000e+03
2.450000000000000000e+02
2.970000000000000000e+02
2.870000000000000000e+02
2.910000000000000000e+02
8.830000000000000000e+02
2.890000000000000000e+02
2.800000000000000000e+02
2.930000000000000000e+02
3.420000000000000000e+02
4.450000000000000000e+02
2.140000000000000000e+02
2.620000000000000000e+02
2.390000000000000000e+02
3.990000000000000000e+02
2.260000000000000000e+02
2.750000000000000000e+02
7.870000000000000000e+02
1.000000000000000000e+03
1.000000000000000000e+03
1.000000000000000000e+03
2.320000000000000000e+02
3.220000000000000000e+02
2.330000000000000000e+02
2.900000000000000000e+02
3.080000000000000000e+02
1.000000000000000000e+03
4.120000000000000000e+02
7.300000000000000000e+02
2.620000000000000000e+02
3.190000000000000000e+02
5.330000000000000000e+02
1.000000000000000000e+03
2.340000000000000000e+02
1.000000000000000000e+03
9.520000000000000000e+02
2.490000000000000000e+02
8.100000000000000000e+02
2.220000000000000000e+02
2.410000000000000000e+02
2.300000000000000000e+02
2.360000000000000000e+02
2.130000000000000000e+02
3.600000000000000000e+02
5.890000000000000000e+02
2.870000000000000000e+02
5.500000000000000000e+02
1.000000000000000000e+03
2.750000000000000000e+02
2.540000000000000000e+02
1.000000000000000000e+03
4.160000000000000000e+02
2.350000000000000000e+02
2.360000000000000000e+02
3.690000000000000000e+02
2.560000000000000000e+02
6.870000000000000000e+02
2.220000000000000000e+02
2.670000000000000000e+02
2.860000000000000000e+02
2.590000000000000000e+02
6.770000000000000000e+02
2.520000000000000000e+02
2.340000000000000000e+02
1.000000000000000000e+03
3.200000000000000000e+02
7.600000000000000000e+02
3.710000000000000000e+02
1.000000000000000000e+03
4.390000000000000000e+02
2.830000000000000000e+02
4.770000000000000000e+02
4.890000000000000000e+02
2.650000000000000000e+02
2.480000000000000000e+02
2.440000000000000000e+02
2.450000000000000000e+02
2.180000000000000000e+02
2.940000000000000000e+02
2.120000000000000000e+02
2.510000000000000000e+02
3.300000000000000000e+02
2.090000000000000000e+02
1.890000000000000000e+02
1.000000000000000000e+03
2.300000000000000000e+02
3.290000000000000000e+02
2.040000000000000000e+02
5.590000000000000000e+02
6.280000000000000000e+02
5.160000000000000000e+02
2.620000000000000000e+02
3.110000000000000000e+02
2.550000000000000000e+02
9.190000000000000000e+02
2.370000000000000000e+02
2.780000000000000000e+02
3.180000000000000000e+02
3.140000000000000000e+02
2.140000000000000000e+02
2.530000000000000000e+02
3.810000000000000000e+02
2.160000000000000000e+02
2.260000000000000000e+02
2.390000000000000000e+02
1.000000000000000000e+03
2.560000000000000000e+02
2.420000000000000000e+02
2.410000000000000000e+02
2.480000000000000000e+02
2.540000000000000000e+02
1.000000000000000000e+03
1.000000000000000000e+03
2.300000000000000000e+02
2.950000000000000000e+02
2.780000000000000000e+02
4.600000000000000000e+02
2.400000000000000000e+02
5.590000000000000000e+02
1.000000000000000000e+03
7.820000000000000000e+02
2.710000000000000000e+02
2.260000000000000000e+02
2.630000000000000000e+02
1.980000000000000000e+02
2.170000000000000000e+02
2.840000000000000000e+02
1.000000000000000000e+03
2.800000000000000000e+02
2.490000000000000000e+02
5.540000000000000000e+02
1.790000000000000000e+02
5.030000000000000000e+02
6.760000000000000000e+02
1.000000000000000000e+03
2.700000000000000000e+02
2.200000000000000000e+02
2.950000000000000000e+02
2.920000000000000000e+02
2.780000000000000000e+02
2.270000000000000000e+02
3.420000000000000000e+02
2.600000000000000000e+02
6.780000000000000000e+02
2.630000000000000000e+02
2.710000000000000000e+02
3.960000000000000000e+02
6.590000000000000000e+02
2.120000000000000000e+02
3.540000000000000000e+02
2.010000000000000000e+02
2.690000000000000000e+02
4.520000000000000000e+02
5.140000000000000000e+02
4.640000000000000000e+02
1.000000000000000000e+03
9.270000000000000000e+02
4.940000000000000000e+02
3.800000000000000000e+02
1.000000000000000000e+03
2.220000000000000000e+02
2.210000000000000000e+02
4.670000000000000000e+02
1.000000000000000000e+03
7.850000000000000000e+02
2.670000000000000000e+02
2.630000000000000000e+02
2.080000000000000000e+02
3.840000000000000000e+02
8.860000000000000000e+02
4.660000000000000000e+02
6.190000000000000000e+02
2.560000000000000000e+02
2.660000000000000000e+02
2.990000000000000000e+02
3.260000000000000000e+02
2.370000000000000000e+02
5.630000000000000000e+02
2.640000000000000000e+02
2.950000000000000000e+02
2.640000000000000000e+02
2.980000000000000000e+02
2.170000000000000000e+02
3.430000000000000000e+02
2.750000000000000000e+02
2.530000000000000000e+02
2.420000000000000000e+02
2.750000000000000000e+02
6.290000000000000000e+02
2.730000000000000000e+02
2.350000000000000000e+02
6.340000000000000000e+02
2.600000000000000000e+02
1.000000000000000000e+03
2.490000000000000000e+02
2.790000000000000000e+02
2.750000000000000000e+02
2.000000000000000000e+02
6.740000000000000000e+02
1.000000000000000000e+03
7.400000000000000000e+02
2.360000000000000000e+02
6.060000000000000000e+02
2.650000000000000000e+02
6.750000000000000000e+02
2.110000000000000000e+02
9.400000000000000000e+02
2.460000000000000000e+02
2.310000000000000000e+02
7.050000000000000000e+02
2.770000000000000000e+02
2.650000000000000000e+02
4.400000000000000000e+02
5.880000000000000000e+02
2.500000000000000000e+02
2.160000000000000000e+02
6.840000000000000000e+02
4.520000000000000000e+02
2.640000000000000000e+02
2.530000000000000000e+02
2.580000000000000000e+02
2.800000000000000000e+02
2.950000000000000000e+02
2.270000000000000000e+02
2.650000000000000000e+02
1.000000000000000000e+03
4.420000000000000000e+02
5.350000000000000000e+02
6.410000000000000000e+02
3.060000000000000000e+02
2.580000000000000000e+02
2.720000000000000000e+02
2.660000000000000000e+02
4.560000000000000000e+02
2.770000000000000000e+02
2.190000000000000000e+02
2.250000000000000000e+02
2.350000000000000000e+02
2.640000000000000000e+02
4.060000000000000000e+02
3.150000000000000000e+02
2.030000000000000000e+02
1.970000000000000000e+02
4.370000000000000000e+02
2.670000000000000000e+02
2.610000000000000000e+02
2.050000000000000000e+02
2.840000000000000000e+02
1.980000000000000000e+02
3.120000000000000000e+02
2.200000000000000000e+02
6.160000000000000000e+02
2.520000000000000000e+02
1.000000000000000000e+03
1.000000000000000000e+03
2.370000000000000000e+02
2.370000000000000000e+02
2.180000000000000000e+02
1.000000000000000000e+03
2.590000000000000000e+02
9.010000000000000000e+02
2.730000000000000000e+02
1.850000000000000000e+02
2.620000000000000000e+02
2.530000000000000000e+02
2.260000000000000000e+02
3.170000000000000000e+02
2.560000000000000000e+02
1.000000000000000000e+03
2.790000000000000000e+02
2.520000000000000000e+02
2.540000000000000000e+02
1.000000000000000000e+03
6.480000000000000000e+02
7.650000000000000000e+02
5.030000000000000000e+02
1.000000000000000000e+03
1.000000000000000000e+03
2.530000000000000000e+02
2.420000000000000000e+02
4.880000000000000000e+02
4.500000000000000000e+02
3.000000000000000000e+02
5.880000000000000000e+02
5.340000000000000000e+02
2.710000000000000000e+02
2.770000000000000000e+02
2.420000000000000000e+02
1.000000000000000000e+03
2.770000000000000000e+02
1.000000000000000000e+03
3.520000000000000000e+02
2.170000000000000000e+02
3.360000000000000000e+02
4.630000000000000000e+02
2.760000000000000000e+02
2.440000000000000000e+02
2.570000000000000000e+02
2.690000000000000000e+02
2.120000000000000000e+02
3.210000000000000000e+02
7.210000000000000000e+02
3.960000000000000000e+02
2.090000000000000000e+02
2.330000000000000000e+02
2.490000000000000000e+02
2.080000000000000000e+02
2.470000000000000000e+02
6.390000000000000000e+02
2.490000000000000000e+02
4.250000000000000000e+02
1.000000000000000000e+03
2.450000000000000000e+02
5.490000000000000000e+02
6.890000000000000000e+02
3.000000000000000000e+02
2.130000000000000000e+02
1.000000000000000000e+03
5.060000000000000000e+02
2.770000000000000000e+02
1.000000000000000000e+03
1.000000000000000000e+03
2.400000000000000000e+02
2.580000000000000000e+02
1.000000000000000000e+03
4.770000000000000000e+02
1.000000000000000000e+03
7.980000000000000000e+02
5.990000000000000000e+02
2.190000000000000000e+02
2.190000000000000000e+02
4.520000000000000000e+02
2.200000000000000000e+02
3.610000000000000000e+02
2.280000000000000000e+02
2.370000000000000000e+02
4.230000000000000000e+02
2.510000000000000000e+02
2.370000000000000000e+02
4.980000000000000000e+02
2.470000000000000000e+02
5.040000000000000000e+02
2.230000000000000000e+02
1.000000000000000000e+03
7.800000000000000000e+02
2.840000000000000000e+02
4.070000000000000000e+02
2.680000000000000000e+02
2.200000000000000000e+02
2.510000000000000000e+02
3.220000000000000000e+02
4.200000000000000000e+02
2.550000000000000000e+02
2.060000000000000000e+02
5.860000000000000000e+02
2.200000000000000000e+02
5.540000000000000000e+02
6.740000000000000000e+02
4.830000000000000000e+02
2.390000000000000000e+02
4.470000000000000000e+02
1.000000000000000000e+03
2.240000000000000000e+02
2.760000000000000000e+02
1.000000000000000000e+03
4.970000000000000000e+02
7.830000000000000000e+02
2.230000000000000000e+02
3.830000000000000000e+02
2.600000000000000000e+02
2.490000000000000000e+02
2.590000000000000000e+02
4.220000000000000000e+02
4.630000000000000000e+02
3.940000000000000000e+02
1.000000000000000000e+03
3.770000000000000000e+02
6.610000000000000000e+02
1.000000000000000000e+03
2.510000000000000000e+02
2.560000000000000000e+02
1.000000000000000000e+03
6.160000000000000000e+02
5.510000000000000000e+02
2.160000000000000000e+02
2.270000000000000000e+02
2.450000000000000000e+02
2.820000000000000000e+02
2.500000000000000000e+02
2.330000000000000000e+02
2.050000000000000000e+02
2.570000000000000000e+02
6.980000000000000000e+02
3.650000000000000000e+02
2.710000000000000000e+02
2.560000000000000000e+02
2.160000000000000000e+02
5.220000000000000000e+02
2.790000000000000000e+02
8.550000000000000000e+02
3.120000000000000000e+02
5.190000000000000000e+02
9.010000000000000000e+02
2.440000000000000000e+02
2.490000000000000000e+02
2.180000000000000000e+02
3.370000000000000000e+02
3.030000000000000000e+02
2.990000000000000000e+02
4.330000000000000000e+02
2.250000000000000000e+02
2.750000000000000000e+02
2.010000000000000000e+02
2.500000000000000000e+02
2.650000000000000000e+02
2.630000000000000000e+02
5.280000000000000000e+02
2.250000000000000000e+02
6.900000000000000000e+02
2.120000000000000000e+02
2.430000000000000000e+02
2.040000000000000000e+02
2.780000000000000000e+02
1.000000000000000000e+03
4.170000000000000000e+02
2.460000000000000000e+02
2.010000000000000000e+02
2.510000000000000000e+02
2.070000000000000000e+02
2.580000000000000000e+02
4.350000000000000000e+02
2.300000000000000000e+02
4.700000000000000000e+02
2.650000000000000000e+02
2.890000000000000000e+02
2.340000000000000000e+02
2.320000000000000000e+02
2.320000000000000000e+02
4.700000000000000000e+02
1.000000000000000000e+03
6.380000000000000000e+02
6.310000000000000000e+02
2.240000000000000000e+02
2.340000000000000000e+02
2.510000000000000000e+02
2.620000000000000000e+02
3.340000000000000000e+02
3.280000000000000000e+02
2.340000000000000000e+02
2.690000000000000000e+02
2.220000000000000000e+02
4.250000000000000000e+02
2.250000000000000000e+02
4.000000000000000000e+02
1.000000000000000000e+03
3.280000000000000000e+02
2.110000000000000000e+02
2.380000000000000000e+02
2.440000000000000000e+02
2.610000000000000000e+02
1.000000000000000000e+03
1.740000000000000000e+02
6.830000000000000000e+02
3.590000000000000000e+02
2.730000000000000000e+02
2.020000000000000000e+02
2.330000000000000000e+02
2.370000000000000000e+02
1.000000000000000000e+03
2.110000000000000000e+02
2.720000000000000000e+02
8.620000000000000000e+02
2.220000000000000000e+02
2.070000000000000000e+02
2.120000000000000000e+02
4.770000000000000000e+02
7.100000000000000000e+02
2.690000000000000000e+02
3.590000000000000000e+02
2.670000000000000000e+02
4.810000000000000000e+02
2.540000000000000000e+02
1.000000000000000000e+03
3.210000000000000000e+02
2.090000000000000000e+02
2.770000000000000000e+02
6.460000000000000000e+02
1.000000000000000000e+03
2.400000000000000000e+02
4.010000000000000000e+02
1.000000000000000000e+03
3.220000000000000000e+02
6.550000000000000000e+02
2.940000000000000000e+02
5.180000000000000000e+02
2.110000000000000000e+02
1.000000000000000000e+03
1.000000000000000000e+03
1.880000000000000000e+02
1.000000000000000000e+03
2.730000000000000000e+02
2.530000000000000000e+02
2.740000000000000000e+02
1.840000000000000000e+02
2.230000000000000000e+02
2.250000000000000000e+02
2.760000000000000000e+02
2.480000000000000000e+02
2.100000000000000000e+02
1.000000000000000000e+03
2.420000000000000000e+02
2.270000000000000000e+02
2.780000000000000000e+02
2.380000000000000000e+02
4.660000000000000000e+02
1.990000000000000000e+02
8.100000000000000000e+02
2.690000000000000000e+02
2.260000000000000000e+02
2.290000000000000000e+02
2.840000000000000000e+02
4.810000000000000000e+02
3.260000000000000000e+02
1.000000000000000000e+03
3.320000000000000000e+02
2.440000000000000000e+02
3.680000000000000000e+02
2.210000000000000000e+02
2.530000000000000000e+02
2.020000000000000000e+02
2.480000000000000000e+02
2.830000000000000000e+02
8.460000000000000000e+02
5.990000000000000000e+02
2.630000000000000000e+02
5.700000000000000000e+02
1.000000000000000000e+03
1.000000000000000000e+03
1.000000000000000000e+03
3.000000000000000000e+02
4.600000000000000000e+02
2.160000000000000000e+02
9.700000000000000000e+02
2.790000000000000000e+02
3.930000000000000000e+02
6.280000000000000000e+02
2.730000000000000000e+02
1.000000000000000000e+03
3.880000000000000000e+02
3.910000000000000000e+02
4.620000000000000000e+02
2.820000000000000000e+02
4.530000000000000000e+02
1.000000000000000000e+03
1.000000000000000000e+03
2.480000000000000000e+02
1.000000000000000000e+03
2.950000000000000000e+02
2.220000000000000000e+02
2.080000000000000000e+02
2.970000000000000000e+02
3.000000000000000000e+02
4.570000000000000000e+02
2.380000000000000000e+02
2.850000000000000000e+02
1.000000000000000000e+03
2.540000000000000000e+02
5.470000000000000000e+02
3.830000000000000000e+02
4.690000000000000000e+02
2.300000000000000000e+02
2.620000000000000000e+02
3.170000000000000000e+02
2.430000000000000000e+02
1.000000000000000000e+03
2.240000000000000000e+02
2.340000000000000000e+02
2.800000000000000000e+02
2.230000000000000000e+02
2.500000000000000000e+02
2.850000000000000000e+02
2.140000000000000000e+02
1.000000000000000000e+03
1.930000000000000000e+02
2.560000000000000000e+02
2.470000000000000000e+02
2.500000000000000000e+02
6.410000000000000000e+02
1.000000000000000000e+03
2.600000000000000000e+02
2.420000000000000000e+02
7.570000000000000000e+02
2.170000000000000000e+02
2.070000000000000000e+02
3.770000000000000000e+02
2.020000000000000000e+02
3.160000000000000000e+02
2.310000000000000000e+02
3.800000000000000000e+02
2.880000000000000000e+02
2.740000000000000000e+02
2.960000000000000000e+02
5.900000000000000000e+02
3.840000000000000000e+02
2.810000000000000000e+02
4.970000000000000000e+02
2.280000000000000000e+02
2.340000000000000000e+02
3.360000000000000000e+02
1.000000000000000000e+03
4.810000000000000000e+02
3.830000000000000000e+02
2.270000000000000000e+02
2.700000000000000000e+02
2.990000000000000000e+02
4.440000000000000000e+02
1.000000000000000000e+03
3.080000000000000000e+02
5.360000000000000000e+02
1.000000000000000000e+03
7.340000000000000000e+02
2.120000000000000000e+02
2.610000000000000000e+02
2.080000000000000000e+02
4.970000000000000000e+02
2.210000000000000000e+02
2.600000000000000000e+02
2.260000000000000000e+02
1.980000000000000000e+02
3.830000000000000000e+02
2.530000000000000000e+02
2.720000000000000000e+02
2.230000000000000000e+02
2.270000000000000000e+02
3.740000000000000000e+02
1.000000000000000000e+03
2.980000000000000000e+02
2.130000000000000000e+02
4.560000000000000000e+02
2.490000000000000000e+02
4.590000000000000000e+02
2.520000000000000000e+02
3.000000000000000000e+02
4.640000000000000000e+02
2.330000000000000000e+02
4.600000000000000000e+02
3.150000000000000000e+02
1.000000000000000000e+03
2.690000000000000000e+02
2.760000000000000000e+02
1.000000000000000000e+03
3.710000000000000000e+02
2.190000000000000000e+02
2.430000000000000000e+02
2.060000000000000000e+02
2.560000000000000000e+02
2.560000000000000000e+02
2.180000000000000000e+02
1.000000000000000000e+03
3.340000000000000000e+02
8.870000000000000000e+02
2.150000000000000000e+02
1.000000000000000000e+03
5.120000000000000000e+02
3.970000000000000000e+02
2.370000000000000000e+02
2.930000000000000000e+02
2.690000000000000000e+02
2.370000000000000000e+02
1.810000000000000000e+02
2.690000000000000000e+02
1.000000000000000000e+03
2.320000000000000000e+02
3.630000000000000000e+02
2.520000000000000000e+02
5.280000000000000000e+02
2.530000000000000000e+02
2.640000000000000000e+02
3.290000000000000000e+02
4.120000000000000000e+02
3.780000000000000000e+02
3.160000000000000000e+02
4.790000000000000000e+02
2.480000000000000000e+02
2.930000000000000000e+02
6.860000000000000000e+02
2.440000000000000000e+02
4.960000000000000000e+02
2.320000000000000000e+02
6.850000000000000000e+02
3.240000000000000000e+02
3.260000000000000000e+02
2.540000000000000000e+02
4.720000000000000000e+02
2.340000000000000000e+02
3.440000000000000000e+02
8.210000000000000000e+02
2.210000000000000000e+02
5.620000000000000000e+02
4.590000000000000000e+02
2.490000000000000000e+02
3.220000000000000000e+02
2.700000000000000000e+02
2.770000000000000000e+02
1.000000000000000000e+03
2.520000000000000000e+02
2.280000000000000000e+02
2.230000000000000000e+02
4.650000000000000000e+02
2.200000000000000000e+02
2.710000000000000000e+02
2.820000000000000000e+02
8.600000000000000000e+02
3.420000000000000000e+02
1.000000000000000000e+03
3.100000000000000000e+02
3.380000000000000000e+02
4.820000000000000000e+02
2.710000000000000000e+02
5.520000000000000000e+02
7.040000000000000000e+02
2.230000000000000000e+02
2.860000000000000000e+02
2.300000000000000000e+02
1.000000000000000000e+03
8.740000000000000000e+02
1.000000000000000000e+03
1.650000000000000000e+02
2.340000000000000000e+02
8.300000000000000000e+02
1.000000000000000000e+03
3.020000000000000000e+02
2.150000000000000000e+02
2.740000000000000000e+02
4.120000000000000000e+02
2.190000000000000000e+02
1.000000000000000000e+03
3.130000000000000000e+02
2.490000000000000000e+02
2.270000000000000000e+02
2.170000000000000000e+02
2.430000000000000000e+02
2.140000000000000000e+02
2.350000000000000000e+02
2.480000000000000000e+02
1.000000000000000000e+03
9.240000000000000000e+02
5.650000000000000000e+02
3.130000000000000000e+02
2.370000000000000000e+02
3.840000000000000000e+02
7.700000000000000000e+02
4.610000000000000000e+02
4.090000000000000000e+02
2.180000000000000000e+02
4.550000000000000000e+02
1.000000000000000000e+03
4.650000000000000000e+02
2.150000000000000000e+02
3.540000000000000000e+02
1.000000000000000000e+03
2.220000000000000000e+02
2.030000000000000000e+02
2.500000000000000000e+02
1.000000000000000000e+03
1.000000000000000000e+03
2.220000000000000000e+02
2.640000000000000000e+02
1.000000000000000000e+03
3.030000000000000000e+02
6.830000000000000000e+02
4.990000000000000000e+02
2.690000000000000000e+02
6.680000000000000000e+02
1.000000000000000000e+03
2.250000000000000000e+02
2.560000000000000000e+02
4.560000000000000000e+02
1.000000000000000000e+03
3.240000000000000000e+02
2.620000000000000000e+02
2.580000000000000000e+02
2.210000000000000000e+02
6.300000000000000000e+02
3.950000000000000000e+02
2.440000000000000000e+02
8.190000000000000000e+02
3.560000000000000000e+02
2.940000000000000000e+02
3.290000000000000000e+02
5.730000000000000000e+02
6.390000000000000000e+02
2.670000000000000000e+02
6.270000000000000000e+02
1.000000000000000000e+03
5.420000000000000000e+02
2.610000000000000000e+02
3.700000000000000000e+02
2.130000000000000000e+02
3.180000000000000000e+02
2.560000000000000000e+02
6.740000000000000000e+02
2.570000000000000000e+02
2.320000000000000000e+02
2.340000000000000000e+02
2.710000000000000000e+02
2.410000000000000000e+02
2.210000000000000000e+02
4.440000000000000000e+02
3.130000000000000000e+02
2.590000000000000000e+02
2.850000000000000000e+02
7.690000000000000000e+02
4.010000000000000000e+02
2.760000000000000000e+02
2.530000000000000000e+02
7.640000000000000000e+02
4.860000000000000000e+02
2.300000000000000000e+02
2.940000000000000000e+02
2.430000000000000000e+02
2.760000000000000000e+02
5.800000000000000000e+02
3.140000000000000000e+02
4.180000000000000000e+02
6.430000000000000000e+02
1.000000000000000000e+03
1.830000000000000000e+02
3.900000000000000000e+02
2.260000000000000000e+02
2.110000000000000000e+02
4.160000000000000000e+02
2.970000000000000000e+02
2.560000000000000000e+02
2.530000000000000000e+02
1.000000000000000000e+03
4.920000000000000000e+02
2.270000000000000000e+02
3.140000000000000000e+02
2.450000000000000000e+02
4.580000000000000000e+02
2.090000000000000000e+02
1.000000000000000000e+03
2.430000000000000000e+02
4.910000000000000000e+02
2.090000000000000000e+02
3.710000000000000000e+02
1.970000000000000000e+02
1.000000000000000000e+03
2.320000000000000000e+02
1.000000000000000000e+03
2.020000000000000000e+02
2.180000000000000000e+02
2.260000000000000000e+02
5.900000000000000000e+02
2.980000000000000000e+02
2.370000000000000000e+02
6.550000000000000000e+02
2.280000000000000000e+02
2.690000000000000000e+02
2.540000000000000000e+02
2.290000000000000000e+02
3.380000000000000000e+02
2.390000000000000000e+02
4.680000000000000000e+02
3.470000000000000000e+02
2.490000000000000000e+02
1.000000000000000000e+03
2.290000000000000000e+02
5.940000000000000000e+02
1.970000000000000000e+02
2.070000000000000000e+02
2.680000000000000000e+02
2.400000000000000000e+02
1.000000000000000000e+03
2.340000000000000000e+02
4.050000000000000000e+02
3.100000000000000000e+02
4.970000000000000000e+02
2.490000000000000000e+02
2.400000000000000000e+02
1.000000000000000000e+03
2.210000000000000000e+02
1.000000000000000000e+03
2.400000000000000000e+02
2.440000000000000000e+02
2.660000000000000000e+02
3.030000000000000000e+02
7.380000000000000000e+02
2.360000000000000000e+02
2.410000000000000000e+02
2.290000000000000000e+02
2.430000000000000000e+02
2.240000000000000000e+02
8.180000000000000000e+02
1.000000000000000000e+03
2.660000000000000000e+02
2.430000000000000000e+02
2.190000000000000000e+02
4.550000000000000000e+02
2.210000000000000000e+02
2.100000000000000000e+02
2.310000000000000000e+02
5.880000000000000000e+02
2.280000000000000000e+02
5.730000000000000000e+02
2.780000000000000000e+02
2.610000000000000000e+02
1.000000000000000000e+03
2.340000000000000000e+02
2.710000000000000000e+02
2.360000000000000000e+02
3.950000000000000000e+02
2.700000000000000000e+02
5.500000000000000000e+02
1.900000000000000000e+02
2.160000000000000000e+02
2.580000000000000000e+02
4.400000000000000000e+02
2.400000000000000000e+02
2.100000000000000000e+02
2.060000000000000000e+02
2.420000000000000000e+02
9.110000000000000000e+02
8.410000000000000000e+02
4.740000000000000000e+02
2.180000000000000000e+02
2.550000000000000000e+02
2.310000000000000000e+02
2.910000000000000000e+02
2.710000000000000000e+02
1.000000000000000000e+03
2.400000000000000000e+02
3.150000000000000000e+02
3.190000000000000000e+02
4.750000000000000000e+02
2.620000000000000000e+02
4.320000000000000000e+02
8.290000000000000000e+02
1.000000000000000000e+03
2.320000000000000000e+02
2.490000000000000000e+02
2.810000000000000000e+02
2.960000000000000000e+02
2.460000000000000000e+02
2.540000000000000000e+02
3.760000000000000000e+02
2.740000000000000000e+02
2.250000000000000000e+02
