-5.970100000000052205e+03
-5.668000000000069122e+03
-6.865300000000005639e+03
-5.879900000000050568e+03
-4.863350000000072214e+03
-5.575000000000085493e+03
-4.422300000000052933e+03
-2.892250000000011823e+03
-6.098150000000099681e+03
-4.141050000000031105e+03
-4.070249999999999091e+03
-6.576850000000024920e+03
-5.024650000000096952e+03
-4.347200000000066211e+03
-5.073800000000026557e+03
-4.826350000000068576e+03
-5.463150000000077853e+03
-6.981500000000024556e+03
-3.780300000000003365e+03
-4.406699999999989814e+03
-6.634400000000011460e+03
-7.039300000000016553e+03
-6.211950000000037107e+03
-5.761600000000138607e+03
-6.792700000000083492e+03
-4.546400000000058753e+03
-4.781400000000049658e+03
-5.052250000000052751e+03
-4.002100000000021737e+03
-5.711700000000026193e+03
-6.310100000000083128e+03
-5.905450000000079854e+03
-6.514200000000060754e+03
-5.125050000000069303e+03
-5.112700000000110776e+03
-3.500750000000005457e+03
-6.851050000000019281e+03
-6.512050000000041109e+03
-4.537600000000043110e+03
-5.298900000000104228e+03
-6.265250000000080036e+03
-5.356400000000067848e+03
-5.408300000000137516e+03
-6.517750000000052751e+03
-6.207149999999989632e+03
-4.466700000000099863e+03
-5.631450000000048021e+03
-4.248800000000049295e+03
-3.999450000000056662e+03
-6.306800000000032924e+03
-6.089550000000044747e+03
-6.233650000000164255e+03
-6.188150000000025102e+03
-5.699850000000178625e+03
-5.059700000000018008e+03
-4.414150000000071486e+03
-5.451750000000065484e+03
-4.959300000000015643e+03
-4.906850000000110413e+03
-3.969400000000068303e+03
-6.453450000000081673e+03
-6.182450000000153523e+03
-4.775650000000014188e+03
-5.506200000000137152e+03
-5.651750000000055479e+03
-6.270700000000032560e+03
-4.257350000000004002e+03
-6.172100000000009459e+03
-6.638300000000038381e+03
-6.448550000000193904e+03
-4.794150000000026921e+03
-6.352600000000167711e+03
-6.537800000000019281e+03
-6.383750000000000000e+03
-5.648800000000157524e+03
-3.831300000000045202e+03
-6.428550000000039290e+03
-3.951149999999994179e+03
-6.060700000000229011e+03
-4.375050000000023829e+03
-3.977650000000020555e+03
-6.148800000000029286e+03
