-2.168199999999999363e+03
-7.014999999999986358e+01
6.569999999999997442e+01
-3.214999999999989200e+01
-9.487999999999919964e+02
6.444999999999998863e+01
4.564999999999997016e+01
2.585000000000000142e+01
2.314999999999998437e+01
-1.373500000000001364e+02
1.535000000000016485e+01
7.945000000000003126e+01
5.444999999999998153e+01
8.175000000000001421e+01
8.560000000000002274e+01
-6.314999999999990621e+01
5.249999999999997158e+01
1.100000000000000000e+01
1.504999999999999893e+01
2.879999999999999005e+01
6.409999999999996589e+01
5.170000000000001705e+01
3.045000000000018048e+01
-1.464000000000005457e+02
4.794999999999997442e+01
4.374999999999999289e+01
5.669999999999998863e+01
5.700000000000000000e+01
1.730000000000013216e+01
-3.069999999999971863e+01
6.949999999999997158e+01
3.839999999999992752e+01
-1.084999999999998863e+02
8.429999999999996874e+01
4.380000000000001137e+01
-3.314999999999999147e+01
5.819999999999999574e+01
6.220000000000000995e+01
6.375000000000000000e+01
-1.099999999999992184e+01
1.665000000000000568e+01
4.860000000000002984e+01
1.776356839400250465e-13
2.230000000000005755e+01
-7.520500000000043883e+02
5.575000000000001421e+01
6.980000000000001137e+01
8.449999999999997158e+01
3.655000000000002558e+01
6.740000000000001990e+01
7.100000000000067146e+00
6.965000000000000568e+01
-3.756250000000045020e+03
5.844999999999998153e+01
7.220000000000001705e+01
4.595000000000007390e+01
7.375000000000000000e+01
5.729999999999996874e+01
6.350000000000000711e+01
7.890000000000003411e+01
2.070000000000006679e+01
5.435000000000000142e+01
3.704999999999996163e+01
6.334999999999998010e+01
-1.259999999999988773e+01
6.145000000000000995e+01
5.714999999999999858e+01
-2.122799999999983811e+03
3.435000000000001563e+01
6.329999999999997584e+01
4.789999999999998437e+01
4.340000000000003411e+01
-4.119999999999966178e+01
5.259999999999998010e+01
5.184999999999998721e+01
5.524999999999997868e+01
2.590000000000003411e+01
6.744999999999996021e+01
4.304999999999997584e+01
9.900000000000012790e+00
7.039999999999999147e+01
-4.558000000000014893e+02
5.954999999999999005e+01
-6.450000000000052580e+00
4.814999999999999147e+01
6.919999999999998863e+01
5.395000000000000284e+01
6.879999999999999716e+01
1.290000000000000391e+01
-2.424499999999997897e+02
3.819999999999998863e+01
1.850000000000000355e+01
4.380000000000000426e+01
5.904999999999998295e+01
3.220000000000004547e+01
-7.515000000000000568e+01
7.425000000000000000e+01
2.734999999999984510e+01
-1.360499999999996987e+02
1.660000000000007958e+01
4.339999999999998437e+01
5.485000000000001563e+01
-2.580000000000001847e+01
-8.450000000000020606e+00
6.110000000000000853e+01
6.304999999999996874e+01
4.849999999999999289e+01
4.054999999999998295e+01
5.155000000000001137e+01
4.930000000000001137e+01
-1.339499999999998181e+02
6.504999999999992610e+01
5.819999999999995310e+01
3.815000000000001990e+01
8.035000000000000853e+01
6.035000000000004405e+01
5.600000000000000711e+01
6.295000000000001705e+01
5.439999999999999147e+01
5.764999999999999147e+01
3.839999999999998437e+01
1.335000000000018083e+01
4.854999999999999005e+01
4.165000000000001279e+01
7.954999999999998295e+01
7.535000000000000853e+01
5.494999999999998863e+01
4.805000000000002558e+01
4.305000000000000426e+01
7.704999999999998295e+01
5.160000000000001563e+01
-2.599999999999567990e+00
2.489999999999999858e+01
5.690000000000001279e+01
7.515000000000000568e+01
7.934999999999999432e+01
1.560000000000013820e+01
7.839999999999999147e+01
4.969999999999999574e+01
3.469999999999999574e+01
4.840000000000001279e+01
2.130000000000021387e+01
3.035000000000005116e+01
-3.119999999999952678e+01
-3.705949999999955253e+03
5.120000000000000995e+01
-7.500000000000031974e+00
-1.240000000000019043e+01
6.229999999999996874e+01
1.985000000000000497e+01
4.494999999999993179e+01
5.740000000000002700e+01
-1.427999999999998977e+02
6.029999999999997584e+01
3.049999999999997868e+01
3.245000000000000995e+01
6.155000000000000426e+01
7.309999999999999432e+01
-5.089999999999911040e+01
1.800000000000015987e+01
5.204999999999997584e+01
5.774999999999998579e+01
1.760000000000000853e+01
5.859999999999995879e+01
7.760000000000000853e+01
6.915000000000000568e+01
-1.465500000000002103e+02
6.525000000000002842e+01
4.985000000000001563e+01
6.235000000000001563e+01
5.934999999999996589e+01
7.229999999999998295e+01
4.430000000000001847e+01
6.780000000000001137e+01
-2.288999999999985448e+03
3.879999999999998295e+01
-2.481999999999997613e+02
6.219999999999998863e+01
-9.734999999999996589e+01
3.775000000000002132e+01
6.360000000000000853e+01
4.540000000000003411e+01
-2.164999999999994174e+01
7.780000000000001137e+01
-2.723499999999999659e+02
4.094999999999989626e+01
5.719999999999998153e+01
6.925000000000000000e+01
1.605000000000011084e+01
7.850000000000000000e+01
-4.910000000000013642e+01
-2.419999999999954099e+01
7.160000000000000853e+01
-9.150000000000005684e+01
-1.809999999999973852e+01
-2.731000000000003070e+02
5.929999999999997584e+01
6.060000000000001563e+01
-5.769999999999981810e+01
-7.116499999999992951e+02
5.809999999999993747e+01
3.630000000000002558e+01
6.450000000000000000e+01
7.659999999999999432e+01
3.629999999999996874e+01
6.464999999999999147e+01
5.124999999999998579e+01
4.910000000000000853e+01
4.314999999999999147e+01
3.904999999999999716e+01
7.325000000000000000e+01
7.359999999999999432e+01
4.934999999999998721e+01
1.440000000000001101e+01
-1.825000000000002132e+01
6.189999999999997726e+01
9.649999999999952394e+00
8.200000000000033040e+00
-5.500000000000028422e+00
7.834999999999996589e+01
2.289999999999999147e+01
-1.013999999999998778e+02
5.979999999999999716e+01
6.900000000000000000e+01
-4.974999999999974420e+01
5.750000000000339284e+00
5.805000000000000426e+01
6.645000000000000284e+01
2.715000000000011582e+01
-5.377500000000005684e+02
6.190000000000000568e+01
7.834999999999999432e+01
2.234999999999999787e+01
5.054999999999994742e+01
-5.149999999999913314e+00
7.875000000000001421e+01
1.885000000000001918e+01
-6.564499999999991360e+02
2.070000000000001350e+01
4.904999999999999005e+01
2.634999999999998721e+01
4.164999999999994174e+01
4.429999999999999716e+01
6.909999999999999432e+01
-1.018499999999996248e+02
8.300000000000000000e+01
6.999999999999998579e+01
4.899999999999997868e+01
7.325000000000000000e+01
2.390000000000006963e+01
7.770000000000001705e+01
-6.225000000000018474e+01
1.105000000000005400e+01
-8.599999999999532463e+00
4.700000000000004263e+01
2.510000000000002274e+01
7.790000000000000568e+01
3.959999999999998010e+01
4.639999999999994174e+01
5.920000000000000995e+01
-7.214999999999965041e+01
6.940000000000000568e+01
7.144999999999998863e+01
6.725000000000000000e+01
5.470000000000000995e+01
-6.464999999999999147e+01
1.249999999999998401e+01
5.069999999999998153e+01
4.440000000000000568e+01
4.610000000000002274e+01
3.715000000000001990e+01
6.339999999999997726e+01
6.940000000000000568e+01
4.484999999999997300e+01
3.865000000000005542e+01
1.840000000000009805e+01
1.115000000000004832e+01
4.355000000000001137e+01
5.185000000000002274e+01
-2.754999999999998295e+01
3.940000000000000568e+01
-1.499999999999979394e+01
5.099999999999997868e+01
-1.290900000000001455e+03
5.004999999999987637e+01
3.640000000000003411e+01
5.284999999999998010e+01
4.745000000000000284e+01
4.304999999999999716e+01
3.940000000000000568e+01
-3.856000000000019554e+02
8.499999999999997158e+01
4.149999999999996447e+01
7.520000000000001705e+01
-3.522500000000011937e+02
5.524999999999997158e+01
5.609999999999997300e+01
3.149999999999997868e+01
6.859999999999999432e+01
4.979999999999998295e+01
-2.023500000000010743e+02
5.294999999999998863e+01
1.475000000000010658e+01
-8.027500000000022737e+02
7.009999999999998010e+01
-1.040499999999998977e+02
-6.025000000000004263e+01
5.224999999999997868e+01
6.555000000000001137e+01
-7.512000000000003865e+02
5.860000000000000853e+01
7.000000000000028422e-01
5.904999999999999005e+01
5.464999999999998437e+01
6.329999999999996874e+01
6.030000000000001137e+01
-1.914999999999996660e+01
-4.194500000000022055e+02
7.575000000000000000e+01
5.894999999999997442e+01
5.449999999999999289e+01
-6.369999999999966178e+01
4.254999999999999716e+01
-1.009000000000000057e+02
4.750000000000000000e+01
7.484999999999999432e+01
5.944999999999998863e+01
-3.890000000000001279e+01
8.020000000000000284e+01
2.070000000000001705e+01
-2.123500000000003070e+02
7.820000000000001705e+01
4.555000000000003979e+01
4.315000000000000568e+01
5.170000000000005969e+01
-6.380500000000015461e+02
6.349999999999997158e+01
6.904999999999998295e+01
6.980000000000001137e+01
5.039999999999994884e+01
5.900000000000000711e+01
5.404999999999999716e+01
-2.899999999999856470e+00
6.490000000000000568e+01
-6.679999999999991189e+01
3.689999999999999147e+01
-2.481000000000000512e+02
6.349999999999997868e+01
6.505000000000001137e+01
6.659999999999998010e+01
7.709999999999999432e+01
7.975000000000002842e+01
5.714999999999997016e+01
5.780000000000001137e+01
4.315000000000004832e+01
5.575000000000002132e+01
4.649999999999995737e+01
4.170000000000000995e+01
5.064999999999997016e+01
-4.254999999999962768e+01
3.295000000000009521e+01
-7.264999999999955094e+01
4.724999999999998579e+01
7.014999999999997726e+01
1.589999999999999147e+01
7.859999999999999432e+01
7.920000000000001705e+01
5.344999999999998153e+01
5.559999999999998010e+01
6.114999999999999147e+01
7.515000000000000568e+01
-1.184999999999972431e+01
9.849999999999941025e+00
-4.554999999999927240e+01
4.450000000000000000e+01
7.740000000000000568e+01
7.384999999999996589e+01
6.680000000000001137e+01
5.699999999999999289e+01
-4.709999999999958220e+01
4.474999999999999289e+01
6.015000000000001279e+01
1.795000000000006679e+01
7.950000000000000000e+01
5.314999999999999858e+01
-1.949999999999846523e+00
3.914999999999997726e+01
5.984999999999999432e+01
3.090000000000008740e+01
1.670000000000000995e+01
5.960000000000000853e+01
7.209999999999999432e+01
4.970000000000000284e+01
4.865000000000011937e+01
-5.374499999999991360e+02
4.824999999999998579e+01
6.294999999999998153e+01
7.064999999999997726e+01
6.794999999999998863e+01
-5.392000000000022055e+02
1.325000000000020606e+01
3.959999999999998721e+01
5.194999999999999574e+01
-1.589999999999999147e+01
6.154999999999998295e+01
-1.972149999999973716e+03
4.804999999999995453e+01
7.730000000000001137e+01
-6.599999999999681677e+00
2.695000000000000995e+01
3.419999999999994600e+01
4.150000000000002842e+01
4.794999999999998153e+01
6.475000000000000000e+01
-1.137999999999999545e+02
-3.222500000000006821e+02
5.695000000000001705e+01
6.960000000000002274e+01
5.874999999999995737e+01
7.580000000000001137e+01
4.515000000000000568e+01
6.980000000000001137e+01
3.390000000000006253e+01
5.905000000000000426e+01
-1.289999999999998579e+02
7.469999999999998863e+01
-1.092000000000008129e+02
4.474999999999996447e+01
5.209999999999996589e+01
-3.554999999999920846e+01
1.970000000000005258e+01
-1.534999999999981668e+01
7.615000000000000568e+01
3.355000000000001137e+01
4.789999999999996305e+01
7.650000000000005684e+00
2.170000000000016627e+01
-8.144999999999956231e+01
9.950000000000022382e+00
6.175000000000004263e+01
3.459999999999993747e+01
6.950000000000427391e+00
5.114999999999992752e+01
-4.999500000000022624e+02
-5.094999999999907914e+01
-4.974999999999957367e+01
4.419999999999999574e+01
7.065000000000000568e+01
7.009999999999999432e+01
7.525000000000001421e+01
-4.134999999999997300e+01
-5.098500000000028081e+02
6.529999999999998295e+01
3.499999999999995026e+01
2.995000000000001350e+01
-1.858000000000012335e+02
4.325000000000000000e+01
6.719999999999998863e+01
-3.359999999999966747e+01
5.774999999999999289e+01
6.449999999999997158e+01
2.349999999999998579e+01
7.720000000000001705e+01
3.725000000000002132e+01
-9.025000000000005684e+01
4.050000000000000000e+01
7.650000000000001421e+01
6.734999999999999432e+01
-1.437399999999986903e+03
6.060000000000000853e+01
1.254999999999999716e+01
-2.022500000000013074e+02
4.560000000000000142e+01
6.444999999999998863e+01
1.055000000000000071e+01
7.295000000000000284e+01
8.500000000001435296e-01
3.664999999999996305e+01
6.504999999999999716e+01
4.154999999999999716e+01
-5.124999999999997158e+01
-5.730000000000011084e+01
-4.444999999999974705e+01
-1.913000000000009209e+02
3.335000000000002274e+01
-7.484999999999988063e+01
1.929999999999999005e+01
-4.699999999999988631e+00
5.389999999999998437e+01
6.035000000000010090e+01
2.939999999999997726e+01
6.765000000000000568e+01
-1.286500000000002331e+02
5.709999999999995168e+01
8.549999999999997158e+01
5.860000000000000853e+01
5.104999999999999716e+01
-5.914999999999999858e+01
5.289999999999999858e+01
2.060000000000001563e+01
-2.054000000000000909e+02
-4.710000000000002274e+01
-1.855000000000000426e+01
6.490000000000000568e+01
5.275000000000000711e+01
-1.596649999999983720e+03
4.909999999999999432e+01
5.574999999999998579e+01
6.965000000000000568e+01
6.315000000000000568e+01
-6.299999999999592148e+00
6.135000000000000142e+01
6.725000000000000000e+01
-8.449999999999640465e+00
7.464999999999999147e+01
5.860000000000000142e+01
-8.524999999999988631e+01
2.899999999999999289e+01
7.490000000000000568e+01
4.965000000000001279e+01
-4.266000000000015575e+02
3.100000000000002487e+01
1.930000000000000426e+01
5.629999999999997584e+01
4.430000000000012506e+01
6.444999999999998863e+01
4.330000000000001847e+01
-4.999999999999751310e+00
8.035000000000005116e+01
2.990000000000003411e+01
3.370000000000001705e+01
-5.198500000000036607e+02
5.749999999999999289e+01
6.779999999999998295e+01
4.384999999999999432e+01
1.540000000000001279e+01
6.865000000000000568e+01
-1.399999999999820943e+00
6.449999999999997158e+01
4.589999999999999858e+01
-3.930000000000006821e+02
1.350000000000015632e+00
-3.699500000000020918e+02
3.275000000000002842e+01
4.089999999999997726e+01
-5.004999999999962768e+01
-6.273999999999999773e+02
7.209999999999998010e+01
4.480000000000001137e+01
1.824999999999999289e+01
6.904999999999996874e+01
5.974999999999999289e+01
7.175000000000001421e+01
6.450000000000000000e+01
1.905000000000000071e+01
4.429999999999999716e+01
3.594999999999999574e+01
4.579999999999996163e+01
-4.564999999999940883e+01
3.735000000000005826e+01
1.180000000000000249e+01
4.500000000000000711e+01
-1.099999999999994600e+02
4.104999999999999716e+01
3.145000000000002416e+01
-1.365000000000005542e+01
-1.046999999999997044e+02
4.639999999999998437e+01
6.309999999999998010e+01
7.314999999999997726e+01
4.294999999999997442e+01
3.519999999999995310e+01
-5.803500000000017280e+02
5.940000000000000568e+01
6.174999999999995737e+01
4.584999999999995168e+01
5.144999999999996021e+01
3.284999999999995168e+01
6.329999999999997584e+01
6.164999999999998437e+01
6.659999999999999432e+01
1.660000000000013642e+01
-1.151050000000002910e+03
-7.479999999999992610e+01
4.835000000000000853e+01
8.200000000000024158e+00
6.484999999999996589e+01
7.999999999999987566e+00
6.960000000000002274e+01
5.150000000000112266e+00
-7.369999999999996021e+01
7.529999999999998295e+01
5.564999999999997726e+01
-3.674999999999924682e+01
5.180000000000000426e+01
7.525000000000000000e+01
5.640000000000001990e+01
5.879999999999999716e+01
4.985000000000002274e+01
6.364999999999997016e+01
5.289999999999992752e+01
3.824999999999995737e+01
-1.690000000000001990e+01
7.014999999999999147e+01
4.000000000000005684e+01
-9.299999999999994316e+01
1.300000000000026468e+01
3.034999999999998721e+01
3.660000000000000142e+01
5.925000000000000000e+01
6.265000000000001279e+01
2.079999999999996874e+01
5.210000000000000142e+01
-7.549999999999975842e+00
3.680000000000009663e+01
4.329999999999999716e+01
3.645000000000000995e+01
-1.047499999999998863e+02
6.349999999999997868e+01
3.164999999999999858e+01
-7.899999999999771205e+00
4.744999999999997442e+01
1.560000000000003695e+01
-3.382500000000011937e+02
6.570000000000000284e+01
-3.250699999999961619e+03
6.244999999999996732e+01
5.480000000000001137e+01
7.175000000000002842e+01
7.359999999999999432e+01
7.179999999999998295e+01
-1.357449999999990268e+03
5.664999999999999147e+01
5.945000000000000284e+01
6.450000000000000000e+01
4.964999999999997726e+01
2.149999999999984368e+00
5.360000000000000142e+01
4.869999999999996021e+01
2.820000000000005613e+01
8.800000000000043343e+00
6.590000000000000568e+01
6.575000000000002842e+01
4.624999999999995737e+01
2.750000000000002132e+01
7.375000000000000000e+01
5.274999999999996447e+01
6.055000000000000426e+01
3.885000000000001563e+01
5.020000000000002416e+01
3.700000000000000711e+01
1.645000000000001350e+01
7.384999999999996589e+01
-2.289999999999976410e+01
-7.565000000000016200e+01
6.234999999999997300e+01
6.869999999999998863e+01
6.855000000000001137e+01
6.260000000000000142e+01
2.750000000000170530e+00
-1.349999999999901945e+00
5.674999999999999289e+01
6.864999999999994884e+01
6.659999999999999432e+01
5.060000000000000142e+01
1.579999999999997762e+01
7.145000000000001705e+01
1.805000000000010374e+01
3.300000000000000000e+01
-7.805000000000039506e+01
5.714999999999998437e+01
-4.594999999999980389e+01
5.399999999999997158e+01
-2.574999999999929656e+01
4.789999999999999147e+01
1.830000000000017479e+01
7.599999999999998579e+01
6.729999999999998295e+01
6.814999999999996305e+01
2.055000000000002203e+01
6.570000000000001705e+01
3.474999999999998579e+01
7.515000000000000568e+01
4.944999999999999574e+01
5.134999999999995168e+01
5.430000000000000426e+01
4.339999999999997726e+01
-3.039999999999999858e+01
5.280000000000001847e+01
2.840000000000000213e+01
6.414999999999999147e+01
7.375000000000000000e+01
6.904999999999998295e+01
5.989999999999999858e+01
6.220000000000001705e+01
8.389999999999994884e+01
-4.444999999999943441e+01
1.070000000000012186e+01
5.085000000000000853e+01
4.485000000000001563e+01
3.124999999999999289e+01
6.910000000000002274e+01
6.994999999999998863e+01
6.689999999999997726e+01
3.295000000000003126e+01
2.849999999999999289e+01
6.080000000000003268e+01
-5.519999999999947704e+01
2.550000000000139266e+00
1.790000000000001990e+01
7.360000000000002274e+01
-2.905399999999960528e+03
5.385000000000001563e+01
1.835000000000016129e+01
7.305000000000001137e+01
5.214999999999995595e+01
-5.494999999999960494e+01
3.724999999999997868e+01
8.349999999999991473e+01
5.350000000000000000e+01
2.414999999999998792e+01
1.404999999999999716e+01
5.359999999999998721e+01
7.924999999999998579e+01
5.179999999999999005e+01
6.784999999999999432e+01
5.389999999999997016e+01
-2.454999999999984794e+01
5.419999999999996021e+01
6.010000000000005826e+01
6.764999999999997726e+01
5.539999999999999858e+01
1.904999999999996874e+01
7.975000000000000000e+01
6.045000000000000284e+01
6.360000000000000853e+01
-2.274999999999995168e+02
3.940000000000009805e+01
1.365000000000000746e+01
5.884999999999999432e+01
6.650000000000000000e+01
6.950000000000000000e+01
4.869999999999997442e+01
7.264999999999999147e+01
6.119999999999998863e+01
4.854999999999999716e+01
3.055000000000002913e+01
5.939999999999999147e+01
6.425000000000000000e+01
5.960000000000000853e+01
-4.138500000000014438e+02
-7.829999999999934346e+01
6.339999999999999858e+01
5.929999999999999005e+01
5.854999999999999005e+01
-4.999999999999987210e+01
-1.450000000000001243e+01
8.265000000000000568e+01
5.584999999999995879e+01
3.650000000000002132e+01
6.434999999999999432e+01
4.950000000000000711e+01
2.865000000000008384e+01
2.555000000000018900e+01
2.919999999999999574e+01
4.279999999999999005e+01
6.754999999999999716e+01
-8.084999999999955378e+01
4.114999999999994884e+01
3.880000000000004690e+01
1.500000000000006573e+01
5.559999999999997300e+01
5.434999999999999432e+01
3.414999999999995595e+01
3.920000000000000995e+01
-5.759999999999968168e+01
-6.694999999999990337e+01
4.259999999999999432e+01
5.979999999999997584e+01
4.895000000000000284e+01
7.444999999999998863e+01
3.949999999999998579e+01
9.450000000000086331e+00
3.989999999999999147e+01
-7.535000000000034959e+01
5.480000000000002558e+01
4.310000000000002274e+01
3.009999999999999787e+01
6.980000000000001137e+01
-4.879999999999913030e+01
7.540000000000000568e+01
-1.092000000000004718e+02
3.979999999999996874e+01
-6.479999999999957083e+01
1.160000000000002274e+01
5.949999999999997868e+01
4.554999999999999005e+01
6.079999999999999716e+01
4.389999999999998437e+01
8.500000000000044409e+00
3.834999999999998721e+01
5.460000000000000142e+01
8.750000000000069278e+00
7.319999999999998863e+01
7.385000000000002274e+01
-1.983999999999993520e+02
5.779999999999999716e+01
-6.979999999999986926e+01
2.754999999999999005e+01
2.470000000000001705e+01
1.659999999999999432e+01
5.494999999999998153e+01
1.260000000000035492e+01
7.925000000000000000e+01
8.065000000000000568e+01
7.684999999999999432e+01
6.469999999999998863e+01
5.570000000000000284e+01
4.619999999999997442e+01
6.244999999999999574e+01
1.064999999999997904e+01
6.255000000000001137e+01
-7.910000000000002274e+01
5.864999999999998437e+01
6.780000000000001137e+01
-3.787500000000014211e+02
-2.849999999999795364e+00
6.359999999999999432e+01
-4.189999999999974989e+01
5.719999999999996021e+01
4.499999999999998579e+01
1.860000000000003695e+01
6.059999999999998721e+01
6.554999999999998295e+01
1.050000000000030553e+01
7.270000000000000284e+01
5.719999999999998863e+01
7.760000000000000853e+01
1.399999999999997691e+01
4.185000000000004405e+01
2.080000000000002558e+01
5.850000000000002842e+01
2.045000000000002061e+01
6.485000000000000853e+01
6.209999999999998721e+01
4.514999999999999147e+01
1.600000000000029843e+00
5.074999999999999289e+01
7.635000000000000853e+01
4.554999999999994742e+01
6.375000000000000000e+01
7.965000000000000568e+01
4.745000000000000995e+01
8.320000000000001705e+01
5.495000000000000995e+01
-2.460000000000002629e+01
4.340000000000001279e+01
5.619999999999998863e+01
4.040000000000001279e+01
-6.419999999999990337e+01
-9.079500000000042519e+02
7.999999999999998579e+01
2.850000000000012790e+01
5.194999999999999574e+01
-4.721000000000008754e+02
-1.118000000000000114e+02
3.490000000000015490e+01
-3.502349999999958982e+03
-7.000000000000014211e+00
5.525000000000000000e+01
6.585000000000002274e+01
-1.234999999999983089e+01
5.189999999999999858e+01
-1.856999999999992212e+02
-2.339999999999999858e+01
4.519999999999997442e+01
1.680000000000009663e+01
5.650000000000000711e+01
-3.273000000000001251e+02
-1.012500000000002274e+02
6.015000000000000568e+01
6.134999999999999432e+01
2.095000000000010232e+01
7.045000000000000284e+01
1.935000000000000853e+01
6.240000000000000568e+01
6.950000000000000000e+01
2.645000000000005258e+01
6.930000000000001137e+01
-5.594999999999944862e+01
5.130000000000001847e+01
5.264999999999999147e+01
6.324999999999997868e+01
3.310000000000000142e+01
-1.192000000000009834e+02
1.235000000000007425e+01
1.980000000000021743e+01
6.054999999999998295e+01
-8.199999999999981526e+01
8.549999999999998579e+01
2.679999999999992610e+01
-1.328399999999994861e+03
2.900000000000000000e+01
7.294999999999997442e+01
6.434999999999998010e+01
5.769999999999996732e+01
5.730000000000002558e+01
-5.839999999999996305e+01
2.434999999999999787e+01
6.479999999999996874e+01
1.900000000000000000e+01
-4.529500000000010118e+02
3.505000000000000426e+01
6.324999999999997158e+01
-2.199999999999867839e+00
8.695000000000001705e+01
7.270000000000001705e+01
-2.450000000000002842e+01
5.369999999999998153e+01
-1.499999999999997868e+01
-1.630000000000001847e+01
-7.535000000000015064e+01
5.384999999999998010e+01
-1.934999999999995168e+01
-5.485000000000030695e+02
4.444999999999999574e+01
4.359999999999999432e+01
3.084999999999996589e+01
4.254999999999995453e+01
7.565000000000000568e+01
4.894999999999997442e+01
7.809999999999998010e+01
3.185000000000012221e+01
5.384999999999998721e+01
7.339999999999997726e+01
4.830000000000003268e+01
6.175000000000002132e+01
6.525000000000002842e+01
4.865000000000001990e+01
5.214999999999998437e+01
5.759999999999998721e+01
8.159999999999999432e+01
6.415000000000009095e+01
8.100000000000001421e+01
5.000000000000000000e+01
6.010000000000000142e+01
6.729999999999999716e+01
5.189999999999999858e+01
-7.342000000000018645e+02
4.935000000000007958e+01
3.214999999999999147e+01
5.904999999999996163e+01
6.715000000000000568e+01
-2.629999999999956373e+01
4.734999999999998721e+01
5.079999999999999716e+01
6.255000000000002558e+01
8.300000000000001421e+01
5.664999999999998437e+01
8.300000000000000000e+01
5.859999999999999432e+01
6.920000000000000284e+01
3.629999999999998295e+01
-2.174949999999980719e+03
5.794999999999998153e+01
-5.829999999999920135e+01
1.740000000000001990e+01
-8.490000000000004832e+01
7.649999999999998579e+01
8.389999999999997726e+01
6.640000000000001990e+01
-1.155500000000007503e+02
-1.062650000000002819e+03
3.849999999999996447e+01
4.539999999999994884e+01
5.540000000000002700e+01
5.565000000000000568e+01
5.179999999999999716e+01
3.379999999999999716e+01
1.555000000000007176e+01
4.405000000000003268e+01
7.759999999999999432e+01
-7.299999999999350564e+00
6.559999999999999432e+01
4.199999999999999289e+01
-1.675000000000004263e+01
3.619999999999999574e+01
4.194999999999998153e+01
7.139999999999997726e+01
-9.274999999999933209e+01
4.584999999999996589e+01
-2.424999999999982947e+01
3.280000000000006821e+01
4.679999999999999716e+01
2.920000000000012363e+01
6.494999999999998863e+01
5.234999999999997300e+01
-3.417799999999960619e+03
-1.854999999999928662e+01
6.419999999999998863e+01
