-1.769500000000002444e+02
-7.699999999999978684e+01
-3.066499999999999773e+02
-3.124999999999995737e+01
-7.054999999999992610e+01
-2.463500000000014438e+02
-4.083000000000026830e+02
-5.127500000000044338e+02
-1.764500000000000455e+02
-1.964000000000005741e+02
-2.399000000000007162e+02
-1.345000000000006253e+02
-2.960500000000000682e+02
-3.119000000000010573e+02
-3.682500000000017053e+02
-3.590000000000003411e+02
-7.249999999999978684e+01
-8.270000000000011653e+01
-6.287999999999991587e+02
-4.447500000000017621e+02
-4.320500000000029672e+02
-1.134999999999997300e+02
-7.349999999999994316e+00
-2.759999999999997300e+01
-4.082000000000023192e+02
-3.771500000000012847e+02
-5.082000000000023761e+02
-1.898500000000002785e+02
-1.175000000000002842e+01
-1.669999999999996732e+01
-1.773499999999996248e+02
-6.589999999999987779e+01
-2.911500000000000909e+02
-1.359999999999995168e+01
-3.224999999999998579e+01
-3.190999999999999659e+02
-1.119499999999997613e+02
3.750000000000021316e+00
-6.050500000000039336e+02
-1.491499999999996078e+02
-8.359999999999968168e+01
-1.144999999999996732e+01
3.649999999999991473e+00
-4.139999999999984226e+01
-6.664999999999989200e+01
5.500000000000008882e+00
-2.593500000000009322e+02
-1.499999999999701572e-01
-1.664999999999995595e+01
-2.414999999999991331e+01
-1.705999999999999659e+02
-4.165500000000010346e+02
-8.069999999999970441e+01
-1.232499999999994458e+02
-9.434999999999999432e+01
7.600000000000003197e+00
-8.600000000000008527e+00
-3.173000000000008640e+02
-7.259999999999993747e+01
-1.615000000000000284e+02
-1.331999999999999318e+02
-3.256500000000010573e+02
-1.959499999999998749e+02
-2.019500000000003297e+02
-2.333499999999999943e+02
1.199999999999999467e+01
-1.969999999999998863e+01
-1.925499999999999545e+02
-1.384999999999989484e+01
-1.871500000000004036e+02
-3.013000000000014893e+02
-6.969999999999978968e+01
-6.579999999999978400e+01
-1.041000000000001364e+02
-8.335000000000015064e+01
-4.236000000000030923e+02
-5.114000000000028763e+02
-1.364999999999992752e+01
-1.052499999999999858e+02
-7.014999999999949409e+01
1.875000000000000355e+01
-2.410000000000000142e+01
-1.460000000000000142e+01
-3.482000000000016939e+02
-4.750000000000000000e+00
-3.179000000000013983e+02
-6.229999999999991189e+01
-1.234499999999998892e+02
-1.421500000000002046e+02
-3.268999999999999204e+02
-2.496500000000018531e+02
-6.134999999999983800e+01
8.600000000000003197e+00
-3.192000000000018076e+02
-8.434999999999976694e+01
-7.289999999999993463e+01
-4.134999999999983800e+01
-3.221500000000016826e+02
-4.624999999999998579e+01
-7.154999999999951399e+01
-3.094999999999997442e+01
-1.414999999999990621e+01
-1.669500000000003013e+02
1.434999999999999432e+01
3.799999999999990052e+00
-1.099499999999999034e+02
-2.985500000000016598e+02
-3.691500000000006025e+02
-9.694999999999981810e+01
-1.028999999999995509e+02
-1.888500000000004775e+02
-3.630000000000005400e+01
-2.761999999999999318e+02
-1.724000000000001478e+02
-3.247500000000001137e+02
-1.220500000000000966e+02
-1.079999999999986926e+01
-5.569999999999994600e+01
-1.292500000000000284e+02
-2.647000000000007276e+02
-3.151000000000007049e+02
-3.380000000000001137e+01
-1.500499999999997556e+02
-1.173999999999998352e+02
1.575000000000001066e+01
-1.504499999999996191e+02
-1.767499999999996305e+02
-1.020000000000000284e+01
-7.954999999999979821e+01
-1.678999999999997215e+02
-4.519999999999993179e+01
-2.605500000000012051e+02
-1.722500000000003126e+02
-2.929500000000005571e+02
-1.095000000000008811e+01
-3.033000000000016598e+02
-7.984999999999998010e+01
-5.082500000000044338e+02
-2.504500000000000739e+02
-5.133000000000039336e+02
-4.276000000000006480e+02
-2.569999999999996732e+01
-1.343999999999999488e+02
-1.694999999999997442e+02
-7.199999999999995737e+00
-2.619999999999998153e+01
-1.224999999999997868e+01
6.500000000000015987e+00
-1.633499999999999091e+02
-1.636499999999996078e+02
-3.439999999999997726e+01
-3.844999999999995310e+01
-3.338500000000015007e+02
-3.629000000000018531e+02
8.849999999999985434e+00
-6.494999999999978968e+01
-1.793500000000001648e+02
-1.830000000000001137e+01
-4.569999999999987494e+01
-1.309999999999995168e+01
-4.207000000000037971e+02
-4.029999999999974136e+01
-2.047000000000001876e+02
-2.599999999999997868e+01
-4.751000000000008754e+02
4.049999999999984723e+00
-3.000000000000014211e+00
-3.265000000000011937e+02
-5.734500000000011823e+02
-3.210000000000011937e+02
-1.349999999999997868e+01
-1.663500000000003070e+02
-3.765500000000028535e+02
-2.931500000000003752e+02
-1.933500000000005912e+02
-4.399999999999998579e+00
-2.899999999999981526e+01
1.375000000000000355e+01
-2.366000000000001648e+02
-1.828000000000010630e+02
-1.845999999999999659e+02
-9.819999999999959073e+01
-1.199500000000001307e+02
-2.214999999999998437e+01
-3.982500000000019327e+02
-2.973000000000010346e+02
-3.804999999999998295e+01
1.500000000000000000e+00
-1.915000000000003979e+02
-3.250500000000010914e+02
-3.210500000000004093e+02
6.749999999999994671e+00
-5.094999999999991758e+01
-4.010500000000042746e+02
-5.679999999999991189e+01
-1.727500000000003979e+02
-2.886000000000005912e+02
-4.048000000000021146e+02
-3.206500000000005457e+02
-4.922500000000040927e+02
-8.879999999999989768e+01
-3.306000000000013870e+02
-1.334999999999990195e+01
-1.906500000000000341e+02
-1.009999999999999432e+02
-1.472500000000003979e+02
-8.649999999999991473e+00
-2.224999999999992895e+01
-8.754999999999961346e+01
1.020000000000000995e+01
-4.389999999999991331e+01
-3.124000000000002615e+02
-1.560000000000006253e+02
-9.784999999999999432e+01
-8.454999999999984084e+01
-3.159999999999995879e+01
-4.676500000000027626e+02
-1.020499999999997272e+02
-1.146999999999998465e+02
-2.308000000000002672e+02
-3.561000000000000227e+02
-3.793000000000014893e+02
-1.063499999999997954e+02
-4.404000000000038995e+02
-1.507999999999997840e+02
-1.635999999999999091e+02
-1.070499999999998408e+02
-8.709999999999983800e+01
-1.045999999999996248e+02
-3.285000000000016485e+02
-1.520000000000003126e+01
-5.854999999999978400e+01
-3.879999999999994031e+01
-7.245000000000005969e+01
-4.059999999999985931e+01
-5.034999999999995168e+01
-4.687500000000025580e+02
-1.091000000000003354e+02
-3.624999999999997158e+01
-1.414999999999984226e+01
-5.088500000000054797e+02
-3.503500000000017849e+02
8.000000000000113687e-01
2.855000000000001137e+01
-1.829999999999984794e+01
-1.626500000000003752e+02
-2.729000000000003183e+02
-1.827999999999996987e+02
-3.255500000000019440e+02
-8.629999999999992610e+01
-6.099500000000023192e+02
-4.950000000000045475e+00
-5.384000000000014552e+02
-2.076500000000008868e+02
-1.671999999999999318e+02
-1.128000000000002672e+02
-7.650000000000000000e+01
-1.928000000000002103e+02
-2.371500000000002046e+02
-8.475000000000000000e+01
5.700000000000002842e+00
-8.699999999999874944e+00
-1.587999999999996703e+02
-2.841000000000002501e+02
-2.649000000000008868e+02
1.954999999999997939e+01
-5.799999999999982947e+00
-2.813500000000014438e+02
1.170000000000000107e+01
-3.260500000000026262e+02
-1.936000000000003638e+02
-2.642500000000025011e+02
-1.628000000000004945e+02
-4.659999999999978115e+01
-3.429999999999994031e+01
1.349999999999980105e+00
-4.775000000000000000e+01
-3.945000000000026716e+02
-1.857499999999999147e+02
1.900000000000034106e+00
-2.363000000000010346e+02
-3.479999999999995453e+01
-1.494999999999999574e+01
-3.136500000000007731e+02
-3.220000000000004547e+01
-3.929999999999989768e+01
-3.344000000000020805e+02
-5.689999999999953673e+01
-1.350000000000008527e+00
-3.059500000000033992e+02
-4.099999999999987921e+01
-8.604999999999989768e+01
-2.319999999999999574e+01
-3.134500000000019782e+02
-1.965500000000000114e+02
-1.291999999999999318e+02
-1.047999999999998693e+02
-5.704999999999986926e+01
-1.235499999999998550e+02
-2.523499999999998522e+02
-2.028499999999995964e+02
-3.723500000000023533e+02
-6.084500000000015234e+02
-1.260500000000003240e+02
-2.228500000000019270e+02
-1.189500000000000455e+02
-9.504999999999991189e+01
-1.619999999999998863e+01
-7.449999999999970157e+01
-2.869500000000005571e+02
1.135000000000005471e+01
-3.159999999999997300e+01
-3.367000000000017508e+02
-1.006499999999995225e+02
-1.361499999999999773e+02
-5.754999999999984084e+01
-2.024499999999999886e+02
-1.366499999999999488e+02
-6.468000000000000682e+02
-2.289999999999998437e+01
-1.959500000000005002e+02
-3.489999999999993463e+01
-1.725499999999999829e+02
4.999999999999786837e-01
-9.944999999999960494e+01
-2.069500000000017792e+02
-6.844999999999990337e+01
-1.788000000000007503e+02
-7.864999999999909619e+01
-1.390000000000003126e+02
-2.564499999999998749e+02
-2.287000000000000455e+02
-2.835500000000006935e+02
-5.696500000000030468e+02
-1.890500000000002387e+02
-4.046500000000044110e+02
-3.003000000000009209e+02
-2.607500000000020464e+02
-1.507000000000005286e+02
-8.047999999999993861e+02
-1.907999999999996135e+02
-5.744999999999990337e+01
1.150000000000000533e+01
-9.524999999999990052e+01
-3.699999999999967315e+00
-1.211999999999995623e+02
-4.544999999999991758e+01
-1.405999999999996817e+02
-4.375500000000021146e+02
-2.844999999999996732e+01
-2.213000000000000114e+02
-5.495000000000011369e+02
-7.794999999999991758e+01
-4.409500000000032287e+02
-1.713000000000000398e+02
-1.909499999999999318e+02
-3.373000000000021146e+02
-8.849999999999845102e+00
-2.683500000000017280e+02
1.060000000000000675e+01
-4.134500000000012960e+02
-3.723500000000015575e+02
-1.984000000000000909e+02
-4.736500000000008868e+02
-1.240000000000000000e+02
5.849999999999990763e+00
-2.524000000000002615e+02
-1.430999999999999659e+02
-2.999999999999997868e+01
-3.669999999999986784e+01
-6.024999999999994316e+01
-2.274999999999992895e+01
-2.311499999999999204e+02
5.649999999999991473e+00
-2.524500000000002160e+02
-2.049999999999997868e+01
-7.589999999999906777e+01
-7.164999999999977831e+01
-1.387000000000000455e+02
-3.751500000000028194e+02
-1.944000000000005173e+02
-3.476500000000028194e+02
-5.445000000000009095e+02
-1.329499999999998181e+02
-5.675000000000001421e+01
-3.101500000000021942e+02
-4.432000000000032287e+02
-8.199999999999967315e+01
1.575000000000000000e+01
-1.394500000000004434e+02
-1.679999999999994742e+01
-5.114000000000035016e+02
-1.708000000000001819e+02
6.499999999999985789e-01
-1.184999999999998721e+01
2.015000000000000213e+01
-8.009999999999998010e+01
-1.434000000000007731e+02
6.799999999999991829e+00
-2.959999999999987352e+01
-7.499999999999992895e+00
-1.706500000000000341e+02
2.225000000000002842e+01
-8.349999999999909051e+00
-1.295500000000000114e+02
-3.491500000000019668e+02
-1.012999999999999261e+02
-9.189999999999987779e+01
-6.704999999999998295e+01
-2.594000000000001478e+02
-4.254999999999982663e+01
-6.869999999999998863e+01
-2.264000000000002615e+02
-1.627000000000001307e+02
-5.534999999999982379e+01
2.555000000000000782e+01
-4.654999999999994031e+01
-1.340500000000000966e+02
6.499999999999985789e-01
-1.583500000000000796e+02
-2.174999999999975842e+01
-1.910500000000005514e+02
8.950000000000001066e+00
-6.969999999999974705e+01
-2.187999999999998977e+02
-1.644999999999995310e+01
-8.449999999999964473e+01
-2.574000000000000909e+02
8.700000000000002842e+00
-6.374999999999985789e+01
5.100000000000019185e+00
-6.944999999999971863e+01
-5.834999999999988063e+01
-7.649999999999991473e+00
-1.512500000000000568e+02
-8.664999999999980673e+01
-6.484999999999993747e+01
-2.128500000000002785e+02
8.600000000000006750e+00
-3.312500000000028990e+02
-1.285000000000000853e+01
1.475000000000000000e+01
-1.644500000000001023e+02
-1.611999999999999602e+02
-1.350499999999993577e+02
-1.429999999999999005e+01
-2.926500000000012278e+02
-1.321999999999996476e+02
-1.034000000000001194e+02
-3.703000000000017167e+02
-6.229999999999985505e+01
-7.909999999999983800e+01
-6.199999999999997868e+01
-2.356499999999997499e+02
-5.691500000000036152e+02
-2.142500000000009663e+02
-3.304999999999981952e+01
-1.428500000000000227e+02
-2.296500000000007162e+02
-3.483500000000013870e+02
-8.715000000000004832e+01
-2.359500000000002160e+02
-1.514499999999995339e+02
2.224999999999998579e+01
-4.833000000000029104e+02
-4.378500000000038312e+02
1.790000000000001279e+01
-3.025500000000010346e+02
8.700000000000006395e+00
-7.649999999999998579e+00
-3.638000000000016598e+02
-1.578000000000007788e+02
-4.512000000000010118e+02
-7.519999999999998863e+01
-1.349000000000001478e+02
-1.505500000000000398e+02
-1.046500000000000341e+02
-2.879999999999996874e+01
5.199999999999969091e+00
-3.074999999999988631e+01
-8.324999999999975842e+01
-6.479999999999967031e+01
-1.510499999999997272e+02
-6.584999999999990905e+01
-3.973000000000013188e+02
-9.999999999999997158e+01
-1.264500000000000171e+02
-1.558499999999997101e+02
-7.925000000000002842e+01
-1.819999999999987494e+01
-6.044999999999988916e+01
-5.909999999999990905e+01
-3.065500000000005230e+02
-3.184999999999999432e+01
-3.330000000000011937e+02
-3.434999999999993747e+01
-9.719999999999983231e+01
-3.685500000000021714e+02
-3.226500000000032173e+02
-3.593500000000023533e+02
-4.744999999999983231e+01
-7.114999999999996305e+01
-8.989999999999957936e+01
-3.354999999999975557e+01
-4.574999999999987210e+01
-8.049999999999954525e+00
-2.750500000000007503e+02
-2.909999999999998366e+01
-2.445000000000012506e+02
-2.126500000000000341e+02
-2.933500000000016144e+02
-7.254999999999986926e+01
-4.679999999999995453e+01
-2.146500000000001478e+02
-2.735500000000005230e+02
-9.209999999999955378e+01
-1.981499999999999773e+02
-9.649999999999934630e+00
-5.799999999999982947e+01
-2.526500000000001762e+02
-4.044999999999997442e+01
-1.591500000000000909e+02
2.354999999999999361e+01
-3.195000000000013074e+02
-1.596999999999998749e+02
-9.274999999999997158e+01
-1.681500000000001194e+02
-7.939999999999974989e+01
-1.725499999999997556e+02
-8.064999999999952252e+01
1.590000000000001634e+01
-1.309999999999994600e+02
-2.155000000000000853e+02
-3.755000000000012506e+02
-7.850000000000000000e+01
-3.844999999999981810e+01
-3.309500000000011255e+02
-9.614999999999970726e+01
-7.629999999999979821e+01
8.350000000000001421e+00
-1.504999999999997584e+01
-5.565000000000017053e+02
-4.099999999999987921e+01
3.749999999999992895e+00
-1.107000000000000171e+02
-7.314999999999973568e+01
-4.679999999999996163e+01
-2.167000000000004434e+02
-1.547000000000002160e+02
-1.271999999999996902e+02
-3.690000000000019895e+02
-4.674999999999991473e+01
-7.454999999999968452e+01
-2.964000000000016826e+02
-1.796000000000004206e+02
-4.194500000000035698e+02
-8.210000000000000853e+01
-5.494999999999994600e+01
-1.385500000000002672e+02
-6.639999999999999147e+01
-9.184999999999992326e+01
-1.115499999999998977e+02
-2.319499999999998749e+02
-7.369999999999937756e+01
-1.817499999999999432e+02
-3.611499999999999773e+02
-1.976499999999998920e+02
-3.323000000000026262e+02
-2.212000000000005002e+02
2.250000000000007105e+00
-1.197000000000001307e+02
-5.519999999999996021e+01
1.750000000000006750e+01
-9.734999999999990905e+01
-1.355999999999995111e+02
-7.544999999999974705e+01
-2.844999999999996732e+01
-5.649999999999984368e+00
-5.856000000000026375e+02
-9.640000000000017621e+01
1.375000000000000355e+01
-3.070000000000008527e+02
1.500000000000412115e-01
-3.394000000000000909e+02
-5.519000000000028194e+02
-2.692000000000011823e+02
-7.009999999999978115e+01
-3.776000000000025807e+02
-1.197500000000000000e+02
-1.120000000000000995e+01
-4.153500000000028649e+02
-6.259999999999985221e+01
-1.447000000000000171e+02
-5.599999999999998579e+01
-3.939000000000001478e+02
-1.588499999999996248e+02
-2.020500000000005230e+02
-8.599999999999994316e+00
-7.584999999999966747e+01
-3.105500000000010914e+02
-4.849999999999971578e+01
-9.794999999999974705e+01
-2.371500000000007162e+02
-3.464999999999995595e+01
3.180000000000001492e+01
-9.059999999999998010e+01
-1.762499999999999432e+02
-6.395000000000000284e+01
-2.175499999999999545e+02
-1.453000000000001535e+02
-2.029500000000003297e+02
-6.050500000000022283e+02
-2.480000000000000426e+01
-6.794999999999967599e+01
-6.139999999999989200e+01
-5.234999999999998010e+01
-1.715000000000003695e+02
-1.042499999999997726e+02
-6.349999999999992895e+01
-6.435000000000018190e+02
-3.888000000000025125e+02
-5.779999999999974136e+01
-3.503500000000028649e+02
-6.145500000000017735e+02
-3.589999999999968594e+01
-2.189999999999999858e+01
-3.489999999999997016e+01
-3.549999999999997158e+00
-2.599999999999987921e+01
-2.024999999999995737e+01
1.750000000000000000e+00
-1.692499999999997726e+02
-2.500500000000008072e+02
-1.411500000000004320e+02
-3.527000000000021487e+02
-5.969000000000020236e+02
-2.465500000000007503e+02
-2.224000000000008015e+02
-1.813500000000000796e+02
-3.624999999999997158e+01
-2.589500000000010118e+02
-9.750000000000000000e+00
-2.323500000000010459e+02
-2.930500000000005798e+02
-1.165500000000002387e+02
-4.749999999999992895e+00
-5.279999999999985505e+01
-7.074000000000000909e+02
-7.625000000000000000e+01
-1.223999999999994941e+02
-9.259999999999962483e+01
-2.559999999999992326e+01
-5.199999999999990052e+01
-7.749999999999953104e+01
6.649999999999998579e+00
-2.379999999999983373e+01
-4.074999999999963762e+01
-6.624999999999992895e+01
-3.528500000000025238e+02
-2.462000000000004150e+02
1.190000000000000213e+01
1.100000000000001421e+00
-3.046500000000023647e+02
-1.494999999999997442e+01
-1.677000000000001876e+02
-3.689999999999994884e+01
2.380000000000001137e+01
-4.194999999999981100e+01
-5.944999999999969020e+01
-3.478500000000000796e+02
-6.054999999999984084e+01
-3.989999999999997016e+01
-8.919999999999976126e+01
6.500000000000001776e+00
-4.359999999999986642e+01
-1.024999999999993605e+01
-1.123000000000001251e+02
-6.619999999999996021e+01
-3.561500000000012278e+02
-4.214999999999999858e+01
-1.095499999999998124e+02
-6.959999999999978115e+01
-7.274999999999968736e+01
-9.784999999999986642e+01
-1.499999999999985789e-01
-1.133499999999999659e+02
-2.732500000000001705e+02
-1.113999999999999204e+02
-2.007500000000003979e+02
-9.184999999999963904e+01
-1.898500000000001080e+02
-2.344999999999996732e+01
-3.103000000000014893e+02
-9.259999999999971010e+01
-1.574999999999995737e+01
1.700000000000045475e+00
-3.271000000000012733e+02
-1.659999999999996589e+01
-1.121499999999997783e+02
-9.274999999999948841e+01
-1.949999999999991473e+01
-2.329500000000005855e+02
-1.014499999999999602e+02
-1.500000000000035527e+00
3.799999999999990052e+00
-2.383500000000007049e+02
-3.737000000000001592e+02
-3.029999999999996163e+01
9.749999999999996447e+00
-1.242999999999997698e+02
-2.077500000000000853e+02
-4.744500000000041382e+02
1.875000000000000355e+01
-3.121500000000003183e+02
-6.249999999999992895e+00
-1.182999999999998124e+02
-1.988000000000006082e+02
-1.925000000000006821e+02
-1.271500000000000909e+02
-1.960500000000008640e+02
-1.200000000000009948e+00
-2.497000000000005855e+02
-2.901000000000000227e+02
-2.289500000000006992e+02
-2.257500000000009948e+02
-3.199999999999995737e+00
-1.206999999999999034e+02
-8.549999999999940314e+00
-1.279999999999983373e+01
-1.428000000000003524e+02
-1.078999999999999204e+02
-2.304500000000024329e+02
-3.506000000000017280e+02
-3.544999999999992468e+01
-7.404999999999989768e+01
-6.539999999999979252e+01
-3.064999999999983515e+01
-4.131500000000040131e+02
-4.606000000000025238e+02
-1.985000000000000568e+02
-2.879500000000000455e+02
-2.250499999999999545e+02
-1.481999999999997897e+02
-4.342000000000007844e+02
-1.179999999999989058e+01
-1.561999999999996760e+02
-3.024999999999997158e+01
-4.769999999999988916e+01
-3.167000000000033424e+02
-8.784999999999996589e+01
-3.924500000000039677e+02
-7.739999999999959357e+01
-6.504999999999986926e+01
-1.553000000000002103e+02
7.749999999999994671e+00
-1.868000000000002672e+02
3.699999999999995737e+00
1.035000000000003872e+01
-3.842000000000039677e+02
-3.284999999999987352e+01
-3.447999999999993861e+02
2.799999999999997158e+00
-6.354999999999995453e+01
-1.720000000000000853e+02
-1.228500000000001080e+02
-6.929999999999992610e+01
-9.679999999999969873e+01
-1.051999999999994486e+02
-3.062500000000009663e+02
-1.986500000000001194e+02
-6.449999999999987210e+01
-7.344999999999998863e+01
-7.824999999999978684e+01
-6.419999999999988916e+01
-2.981500000000014552e+02
-7.574999999999977263e+01
-3.557500000000011937e+02
-3.121000000000013870e+02
-1.549999999999998579e+01
1.170000000000010942e+01
-2.842499999999999432e+02
-5.354999999999981242e+01
-2.640000000000004547e+02
-2.501000000000006480e+02
8.199999999999988631e+00
-2.088500000000001080e+02
-2.921000000000010459e+02
-3.490000000000021032e+02
1.085000000000001030e+01
-1.404500000000002444e+02
-6.035999999999992269e+02
-4.049000000000001478e+02
-3.128500000000005343e+02
-3.403500000000021259e+02
-2.371999999999999602e+02
-1.282999999999998693e+02
-1.909000000000002615e+02
-6.137000000000003865e+02
-2.799000000000006025e+02
-2.810000000000015916e+02
-2.734999999999993747e+02
-2.859999999999996589e+01
-5.450000000000002842e+00
-1.755999999999999659e+02
-8.039999999999996305e+01
-3.855000000000026716e+02
-3.434500000000012392e+02
-2.849500000000030582e+02
-1.417499999999996874e+02
-3.562500000000014779e+02
-1.075499999999996135e+02
-1.589499999999996476e+02
-2.893500000000003070e+02
-1.053500000000000512e+02
-9.049999999999972999e+01
-5.749999999999981526e+01
-2.576500000000005457e+02
-3.416000000000019554e+02
-8.565000000000004832e+01
-1.592999999999999545e+02
-1.239500000000000455e+02
-6.629999999999967031e+01
-8.990000000000007674e+01
-1.801999999999999886e+02
-1.378499999999997669e+02
-1.124999999999986500e+01
-3.650000000000005684e+00
-4.399999999999985789e+01
5.250000000000035527e+00
-1.906500000000007446e+02
3.699999999999995737e+00
-1.475999999999999659e+02
-7.184999999999979536e+01
-6.013999999999996362e+02
-2.074000000000002615e+02
-9.540000000000000568e+01
-4.319999999999986073e+01
-1.109999999999990905e+01
-5.939999999999987779e+01
1.685000000000001208e+01
-1.652500000000000568e+02
1.095000000000000639e+01
-3.083500000000000796e+02
-2.619500000000008981e+02
-1.110999999999997385e+02
-3.594999999999994600e+01
3.304999999999999716e+01
-1.174999999999980815e+01
5.450000000000144951e+00
-1.599999999999972999e+00
-4.024999999999985789e+01
-8.664999999999969305e+01
-3.149999999999998579e+00
4.500000000000028422e-01
-1.789499999999999602e+02
-2.104999999999993321e+01
-1.156000000000000512e+02
-1.147499999999999432e+02
-5.729999999999994031e+01
3.600000000000072475e+00
-2.617000000000001023e+02
-6.440000000000011369e+02
-4.799999999999965894e+01
-8.449999999999967315e+00
-5.224999999999994316e+01
-6.324999999999995737e+01
-1.269999999999988916e+01
-1.607500000000001137e+02
-1.949999999999979394e+01
-7.909999999999978115e+01
-4.130500000000016598e+02
-1.849999999999997158e+01
-6.439999999999977831e+01
-2.894999999999961204e+01
-2.192999999999997556e+02
-1.619999999999975415e+01
-1.024999999999995737e+01
-4.334999999999991616e+01
-3.826500000000024215e+02
-3.187500000000009663e+02
-1.996999999999996760e+02
7.200000000000002842e+00
-1.382999999999998977e+02
-5.966499999999999773e+02
-3.539000000000002046e+02
-3.085500000000005798e+02
-5.449999999999995737e+00
-5.324999999999999289e+01
-2.883000000000010346e+02
-8.059999999999978115e+01
-4.767000000000030582e+02
-3.768000000000013188e+02
-5.575000000000000000e+01
-2.857999999999998408e+02
4.050000000000034461e+00
2.865000000000000924e+01
-8.379999999999999716e+01
-3.169500000000015234e+02
-1.544999999999996021e+01
-3.559999999999987352e+01
7.649999999999993250e+00
-3.613500000000031491e+02
-3.476000000000004775e+02
-1.980000000000009095e+02
-4.034999999999995879e+01
-4.929999999999981242e+01
-1.578500000000007901e+02
-1.199999999999997442e+02
-6.779999999999994031e+01
1.070000000000000284e+01
-8.694999999999961915e+01
-1.484999999999996589e+01
-5.194999999999994600e+01
-6.834999999999980957e+01
-9.319999999999944862e+01
-3.949999999999995737e+00
-4.308500000000013870e+02
-2.493999999999999488e+02
-2.849000000000011710e+02
-1.186500000000006594e+02
-3.750500000000013188e+02
8.500000000000001776e+00
-7.154999999999985505e+01
-4.402000000000043087e+02
-1.105500000000000824e+02
6.200000000000001066e+00
-4.450000000000031264e+00
-9.719999999999991758e+01
-4.500000000000032969e+02
-2.619000000000016826e+02
-1.149999999999979394e+01
-1.066499999999996646e+02
-2.997500000000009095e+02
-5.830000000000044338e+02
-5.989999999999977831e+01
-1.453500000000002217e+02
-1.419999999999991758e+01
-3.169999999999999574e+01
-2.904999999999999005e+01
-3.866500000000036721e+02
-6.995000000000007390e+01
-3.878000000000017167e+02
-8.954999999999988347e+01
-2.557500000000011369e+02
-1.073499999999999943e+02
-9.714999999999970726e+01
-5.191500000000041837e+02
-1.268500000000006480e+02
-4.224999999999990763e+01
-1.474499999999999602e+02
-5.349999999999987210e+00
-2.188000000000002387e+02
-1.044999999999996589e+02
-1.391499999999997215e+02
-1.045999999999997385e+02
1.355000000000000604e+01
-2.499999999999990052e+01
-1.169999999999998437e+02
-2.784999999999987352e+01
-1.675000000000000000e+01
-1.500000000000056843e-01
-1.839999999999998010e+02
-9.134999999999936904e+01
-1.483999999999999773e+02
8.699999999999992184e+00
8.400000000000002132e+00
-3.253500000000024102e+02
-6.205000000000012506e+01
-5.359999999999993747e+01
-7.266500000000013415e+02
-5.299999999999975842e+00
-7.369999999999981810e+01
-2.843000000000002956e+02
-1.465499999999998977e+02
-1.065499999999998124e+02
-2.819999999999996732e+01
-4.396500000000013415e+02
-8.074999999999998579e+01
-1.248499999999997669e+02
-1.228999999999999346e+02
-3.779999999999989768e+01
-5.879500000000022055e+02
-3.734999999999987352e+01
-4.494999999999986073e+01
-2.597500000000001705e+02
-1.680000000000000568e+02
-3.294999999999973284e+01
-2.276500000000002615e+02
5.699999999999997513e+00
-1.649999999999997158e+01
-2.615000000000022737e+02
-3.948000000000005798e+02
-1.150000000000000000e+01
-3.289999999999986358e+01
1.330000000000000782e+01
-3.109999999999997158e+02
-1.455000000000006821e+02
-2.287999999999999829e+02
-8.994999999999984652e+01
-4.284999999999996589e+01
