2.690000000000000000e+02
2.440000000000000000e+02
1.000000000000000000e+03
1.000000000000000000e+03
4.770000000000000000e+02
2.860000000000000000e+02
2.170000000000000000e+02
2.440000000000000000e+02
2.570000000000000000e+02
2.930000000000000000e+02
1.980000000000000000e+02
4.630000000000000000e+02
1.000000000000000000e+03
2.500000000000000000e+02
2.350000000000000000e+02
2.380000000000000000e+02
9.150000000000000000e+02
6.030000000000000000e+02
2.120000000000000000e+02
4.120000000000000000e+02
2.330000000000000000e+02
2.860000000000000000e+02
2.200000000000000000e+02
2.710000000000000000e+02
2.610000000000000000e+02
3.320000000000000000e+02
4.730000000000000000e+02
2.770000000000000000e+02
1.000000000000000000e+03
2.130000000000000000e+02
2.640000000000000000e+02
4.120000000000000000e+02
3.260000000000000000e+02
2.850000000000000000e+02
1.000000000000000000e+03
3.940000000000000000e+02
2.640000000000000000e+02
2.710000000000000000e+02
6.410000000000000000e+02
2.070000000000000000e+02
4.760000000000000000e+02
2.330000000000000000e+02
2.220000000000000000e+02
2.390000000000000000e+02
1.000000000000000000e+03
6.500000000000000000e+02
2.240000000000000000e+02
2.850000000000000000e+02
1.000000000000000000e+03
1.000000000000000000e+03
4.070000000000000000e+02
2.590000000000000000e+02
7.760000000000000000e+02
2.380000000000000000e+02
2.500000000000000000e+02
2.550000000000000000e+02
5.160000000000000000e+02
2.280000000000000000e+02
2.720000000000000000e+02
4.300000000000000000e+02
4.520000000000000000e+02
3.000000000000000000e+02
2.410000000000000000e+02
3.260000000000000000e+02
2.720000000000000000e+02
1.000000000000000000e+03
2.410000000000000000e+02
4.170000000000000000e+02
2.280000000000000000e+02
2.300000000000000000e+02
4.210000000000000000e+02
3.030000000000000000e+02
4.150000000000000000e+02
2.240000000000000000e+02
2.410000000000000000e+02
2.380000000000000000e+02
2.840000000000000000e+02
2.190000000000000000e+02
2.430000000000000000e+02
3.300000000000000000e+02
2.400000000000000000e+02
2.300000000000000000e+02
2.290000000000000000e+02
4.100000000000000000e+02
2.610000000000000000e+02
2.520000000000000000e+02
2.580000000000000000e+02
3.920000000000000000e+02
2.700000000000000000e+02
3.280000000000000000e+02
2.220000000000000000e+02
2.750000000000000000e+02
9.780000000000000000e+02
2.470000000000000000e+02
5.050000000000000000e+02
2.280000000000000000e+02
5.180000000000000000e+02
2.470000000000000000e+02
2.430000000000000000e+02
2.260000000000000000e+02
2.360000000000000000e+02
1.000000000000000000e+03
8.810000000000000000e+02
1.000000000000000000e+03
2.640000000000000000e+02
3.880000000000000000e+02
2.580000000000000000e+02
2.370000000000000000e+02
2.960000000000000000e+02
5.060000000000000000e+02
5.880000000000000000e+02
1.000000000000000000e+03
2.680000000000000000e+02
3.500000000000000000e+02
2.370000000000000000e+02
2.110000000000000000e+02
9.670000000000000000e+02
2.490000000000000000e+02
2.820000000000000000e+02
2.280000000000000000e+02
2.270000000000000000e+02
2.540000000000000000e+02
1.000000000000000000e+03
3.190000000000000000e+02
6.700000000000000000e+02
4.930000000000000000e+02
2.310000000000000000e+02
3.250000000000000000e+02
5.060000000000000000e+02
2.230000000000000000e+02
2.350000000000000000e+02
5.000000000000000000e+02
2.930000000000000000e+02
2.200000000000000000e+02
1.000000000000000000e+03
2.630000000000000000e+02
2.480000000000000000e+02
1.000000000000000000e+03
2.080000000000000000e+02
2.060000000000000000e+02
2.110000000000000000e+02
6.410000000000000000e+02
3.140000000000000000e+02
4.690000000000000000e+02
1.000000000000000000e+03
2.600000000000000000e+02
2.370000000000000000e+02
2.480000000000000000e+02
2.450000000000000000e+02
4.930000000000000000e+02
2.170000000000000000e+02
2.590000000000000000e+02
2.500000000000000000e+02
2.630000000000000000e+02
3.060000000000000000e+02
2.370000000000000000e+02
2.350000000000000000e+02
5.490000000000000000e+02
2.560000000000000000e+02
2.610000000000000000e+02
2.270000000000000000e+02
4.480000000000000000e+02
1.000000000000000000e+03
2.120000000000000000e+02
1.000000000000000000e+03
2.260000000000000000e+02
4.760000000000000000e+02
3.420000000000000000e+02
2.540000000000000000e+02
1.000000000000000000e+03
2.410000000000000000e+02
2.380000000000000000e+02
3.460000000000000000e+02
2.790000000000000000e+02
2.690000000000000000e+02
2.410000000000000000e+02
2.630000000000000000e+02
3.180000000000000000e+02
4.670000000000000000e+02
3.230000000000000000e+02
2.310000000000000000e+02
3.740000000000000000e+02
2.210000000000000000e+02
2.110000000000000000e+02
1.000000000000000000e+03
2.540000000000000000e+02
2.230000000000000000e+02
4.940000000000000000e+02
8.420000000000000000e+02
2.180000000000000000e+02
5.210000000000000000e+02
1.000000000000000000e+03
1.000000000000000000e+03
2.480000000000000000e+02
2.030000000000000000e+02
2.420000000000000000e+02
2.570000000000000000e+02
2.350000000000000000e+02
2.250000000000000000e+02
3.290000000000000000e+02
7.430000000000000000e+02
1.780000000000000000e+02
5.520000000000000000e+02
1.930000000000000000e+02
2.530000000000000000e+02
1.000000000000000000e+03
6.600000000000000000e+02
2.040000000000000000e+02
2.030000000000000000e+02
2.290000000000000000e+02
4.140000000000000000e+02
2.160000000000000000e+02
1.000000000000000000e+03
3.680000000000000000e+02
2.210000000000000000e+02
2.510000000000000000e+02
4.570000000000000000e+02
2.670000000000000000e+02
1.000000000000000000e+03
4.290000000000000000e+02
2.020000000000000000e+02
5.090000000000000000e+02
2.400000000000000000e+02
2.070000000000000000e+02
2.370000000000000000e+02
2.430000000000000000e+02
2.210000000000000000e+02
3.070000000000000000e+02
2.940000000000000000e+02
2.610000000000000000e+02
2.210000000000000000e+02
2.510000000000000000e+02
7.500000000000000000e+02
2.270000000000000000e+02
2.800000000000000000e+02
2.700000000000000000e+02
4.200000000000000000e+02
2.830000000000000000e+02
2.930000000000000000e+02
3.150000000000000000e+02
2.420000000000000000e+02
1.000000000000000000e+03
3.380000000000000000e+02
2.460000000000000000e+02
2.300000000000000000e+02
8.640000000000000000e+02
2.720000000000000000e+02
8.540000000000000000e+02
2.240000000000000000e+02
4.180000000000000000e+02
1.000000000000000000e+03
6.790000000000000000e+02
2.430000000000000000e+02
2.450000000000000000e+02
8.630000000000000000e+02
2.670000000000000000e+02
6.220000000000000000e+02
9.120000000000000000e+02
2.420000000000000000e+02
2.630000000000000000e+02
2.700000000000000000e+02
2.800000000000000000e+02
1.000000000000000000e+03
3.910000000000000000e+02
1.000000000000000000e+03
2.350000000000000000e+02
2.900000000000000000e+02
2.530000000000000000e+02
1.790000000000000000e+02
5.170000000000000000e+02
1.000000000000000000e+03
2.550000000000000000e+02
2.730000000000000000e+02
2.390000000000000000e+02
4.520000000000000000e+02
2.090000000000000000e+02
2.940000000000000000e+02
2.520000000000000000e+02
2.790000000000000000e+02
4.070000000000000000e+02
1.000000000000000000e+03
2.090000000000000000e+02
2.920000000000000000e+02
2.350000000000000000e+02
2.320000000000000000e+02
2.700000000000000000e+02
2.750000000000000000e+02
7.020000000000000000e+02
2.410000000000000000e+02
2.380000000000000000e+02
6.220000000000000000e+02
2.650000000000000000e+02
2.330000000000000000e+02
2.430000000000000000e+02
4.580000000000000000e+02
4.980000000000000000e+02
3.140000000000000000e+02
2.570000000000000000e+02
2.080000000000000000e+02
1.000000000000000000e+03
2.670000000000000000e+02
2.150000000000000000e+02
2.990000000000000000e+02
2.290000000000000000e+02
2.160000000000000000e+02
2.240000000000000000e+02
2.510000000000000000e+02
1.000000000000000000e+03
2.200000000000000000e+02
9.400000000000000000e+02
2.010000000000000000e+02
2.360000000000000000e+02
5.100000000000000000e+02
2.660000000000000000e+02
2.570000000000000000e+02
3.740000000000000000e+02
2.510000000000000000e+02
4.970000000000000000e+02
2.400000000000000000e+02
2.550000000000000000e+02
2.100000000000000000e+02
2.490000000000000000e+02
2.230000000000000000e+02
3.130000000000000000e+02
2.190000000000000000e+02
2.350000000000000000e+02
2.130000000000000000e+02
2.700000000000000000e+02
1.970000000000000000e+02
5.410000000000000000e+02
2.820000000000000000e+02
2.150000000000000000e+02
1.000000000000000000e+03
2.500000000000000000e+02
6.630000000000000000e+02
4.610000000000000000e+02
1.000000000000000000e+03
2.140000000000000000e+02
3.160000000000000000e+02
2.340000000000000000e+02
1.970000000000000000e+02
2.700000000000000000e+02
2.740000000000000000e+02
4.790000000000000000e+02
2.410000000000000000e+02
1.900000000000000000e+02
2.260000000000000000e+02
2.710000000000000000e+02
4.570000000000000000e+02
2.360000000000000000e+02
2.860000000000000000e+02
5.220000000000000000e+02
2.490000000000000000e+02
2.510000000000000000e+02
2.310000000000000000e+02
2.210000000000000000e+02
2.610000000000000000e+02
2.300000000000000000e+02
2.530000000000000000e+02
1.000000000000000000e+03
2.510000000000000000e+02
2.480000000000000000e+02
4.580000000000000000e+02
3.120000000000000000e+02
2.090000000000000000e+02
2.210000000000000000e+02
2.560000000000000000e+02
3.500000000000000000e+02
2.390000000000000000e+02
2.490000000000000000e+02
7.510000000000000000e+02
1.000000000000000000e+03
1.000000000000000000e+03
2.090000000000000000e+02
2.560000000000000000e+02
2.300000000000000000e+02
4.370000000000000000e+02
2.560000000000000000e+02
1.000000000000000000e+03
2.500000000000000000e+02
1.000000000000000000e+03
4.530000000000000000e+02
2.200000000000000000e+02
2.450000000000000000e+02
4.700000000000000000e+02
4.590000000000000000e+02
4.080000000000000000e+02
2.240000000000000000e+02
2.580000000000000000e+02
4.480000000000000000e+02
2.210000000000000000e+02
2.350000000000000000e+02
2.070000000000000000e+02
5.340000000000000000e+02
4.650000000000000000e+02
2.230000000000000000e+02
2.210000000000000000e+02
2.370000000000000000e+02
2.310000000000000000e+02
2.640000000000000000e+02
2.600000000000000000e+02
2.700000000000000000e+02
2.400000000000000000e+02
3.120000000000000000e+02
3.030000000000000000e+02
1.000000000000000000e+03
5.150000000000000000e+02
2.850000000000000000e+02
3.240000000000000000e+02
2.230000000000000000e+02
2.030000000000000000e+02
2.290000000000000000e+02
7.170000000000000000e+02
2.200000000000000000e+02
1.000000000000000000e+03
6.070000000000000000e+02
2.290000000000000000e+02
5.960000000000000000e+02
2.620000000000000000e+02
8.440000000000000000e+02
2.250000000000000000e+02
2.830000000000000000e+02
1.000000000000000000e+03
2.870000000000000000e+02
1.980000000000000000e+02
3.760000000000000000e+02
1.000000000000000000e+03
2.160000000000000000e+02
2.850000000000000000e+02
2.570000000000000000e+02
2.350000000000000000e+02
2.200000000000000000e+02
2.200000000000000000e+02
7.350000000000000000e+02
2.080000000000000000e+02
2.830000000000000000e+02
4.430000000000000000e+02
2.200000000000000000e+02
2.580000000000000000e+02
2.560000000000000000e+02
4.720000000000000000e+02
1.770000000000000000e+02
2.580000000000000000e+02
2.300000000000000000e+02
3.270000000000000000e+02
3.940000000000000000e+02
2.030000000000000000e+02
4.310000000000000000e+02
2.210000000000000000e+02
2.550000000000000000e+02
2.380000000000000000e+02
6.380000000000000000e+02
4.420000000000000000e+02
1.000000000000000000e+03
2.280000000000000000e+02
4.480000000000000000e+02
6.400000000000000000e+02
2.800000000000000000e+02
3.650000000000000000e+02
2.510000000000000000e+02
2.280000000000000000e+02
2.820000000000000000e+02
4.220000000000000000e+02
1.000000000000000000e+03
2.530000000000000000e+02
1.920000000000000000e+02
3.110000000000000000e+02
1.000000000000000000e+03
1.920000000000000000e+02
2.770000000000000000e+02
2.300000000000000000e+02
2.690000000000000000e+02
1.980000000000000000e+02
3.080000000000000000e+02
7.020000000000000000e+02
2.070000000000000000e+02
3.070000000000000000e+02
2.490000000000000000e+02
2.370000000000000000e+02
2.240000000000000000e+02
2.770000000000000000e+02
1.000000000000000000e+03
3.160000000000000000e+02
2.320000000000000000e+02
4.330000000000000000e+02
1.000000000000000000e+03
2.540000000000000000e+02
3.820000000000000000e+02
2.750000000000000000e+02
1.000000000000000000e+03
4.490000000000000000e+02
2.470000000000000000e+02
7.970000000000000000e+02
2.610000000000000000e+02
1.000000000000000000e+03
2.630000000000000000e+02
2.410000000000000000e+02
5.800000000000000000e+02
3.580000000000000000e+02
1.920000000000000000e+02
2.450000000000000000e+02
1.000000000000000000e+03
1.000000000000000000e+03
4.520000000000000000e+02
3.810000000000000000e+02
2.470000000000000000e+02
2.030000000000000000e+02
2.530000000000000000e+02
2.090000000000000000e+02
2.260000000000000000e+02
2.130000000000000000e+02
1.000000000000000000e+03
2.620000000000000000e+02
2.500000000000000000e+02
1.690000000000000000e+02
6.980000000000000000e+02
2.540000000000000000e+02
3.650000000000000000e+02
2.480000000000000000e+02
2.340000000000000000e+02
2.330000000000000000e+02
2.760000000000000000e+02
2.140000000000000000e+02
6.500000000000000000e+02
2.530000000000000000e+02
2.280000000000000000e+02
2.140000000000000000e+02
2.480000000000000000e+02
3.070000000000000000e+02
2.300000000000000000e+02
1.000000000000000000e+03
2.300000000000000000e+02
2.020000000000000000e+02
2.750000000000000000e+02
2.770000000000000000e+02
2.300000000000000000e+02
3.070000000000000000e+02
3.090000000000000000e+02
2.160000000000000000e+02
6.700000000000000000e+02
2.200000000000000000e+02
2.380000000000000000e+02
2.440000000000000000e+02
4.790000000000000000e+02
4.540000000000000000e+02
1.000000000000000000e+03
2.830000000000000000e+02
5.150000000000000000e+02
3.340000000000000000e+02
1.000000000000000000e+03
2.510000000000000000e+02
1.000000000000000000e+03
2.620000000000000000e+02
2.250000000000000000e+02
6.620000000000000000e+02
2.150000000000000000e+02
1.000000000000000000e+03
2.480000000000000000e+02
2.570000000000000000e+02
9.760000000000000000e+02
2.580000000000000000e+02
3.600000000000000000e+02
3.090000000000000000e+02
1.980000000000000000e+02
1.000000000000000000e+03
2.450000000000000000e+02
3.810000000000000000e+02
6.420000000000000000e+02
1.000000000000000000e+03
2.080000000000000000e+02
4.700000000000000000e+02
2.510000000000000000e+02
1.000000000000000000e+03
2.560000000000000000e+02
1.000000000000000000e+03
8.820000000000000000e+02
1.730000000000000000e+02
3.460000000000000000e+02
2.350000000000000000e+02
3.080000000000000000e+02
6.650000000000000000e+02
4.770000000000000000e+02
2.290000000000000000e+02
2.800000000000000000e+02
2.240000000000000000e+02
3.600000000000000000e+02
2.370000000000000000e+02
2.130000000000000000e+02
3.120000000000000000e+02
2.140000000000000000e+02
2.020000000000000000e+02
2.470000000000000000e+02
3.060000000000000000e+02
2.690000000000000000e+02
2.390000000000000000e+02
4.620000000000000000e+02
1.000000000000000000e+03
2.170000000000000000e+02
1.000000000000000000e+03
8.320000000000000000e+02
1.000000000000000000e+03
2.520000000000000000e+02
1.720000000000000000e+02
2.090000000000000000e+02
1.000000000000000000e+03
3.870000000000000000e+02
3.110000000000000000e+02
2.250000000000000000e+02
2.650000000000000000e+02
1.000000000000000000e+03
2.590000000000000000e+02
2.470000000000000000e+02
1.000000000000000000e+03
2.330000000000000000e+02
2.520000000000000000e+02
2.100000000000000000e+02
2.360000000000000000e+02
2.260000000000000000e+02
1.000000000000000000e+03
2.280000000000000000e+02
3.600000000000000000e+02
2.310000000000000000e+02
2.260000000000000000e+02
1.680000000000000000e+02
5.080000000000000000e+02
2.370000000000000000e+02
3.140000000000000000e+02
6.610000000000000000e+02
2.950000000000000000e+02
3.340000000000000000e+02
2.310000000000000000e+02
2.880000000000000000e+02
3.670000000000000000e+02
2.630000000000000000e+02
3.440000000000000000e+02
3.630000000000000000e+02
2.550000000000000000e+02
2.340000000000000000e+02
2.760000000000000000e+02
6.730000000000000000e+02
2.370000000000000000e+02
2.350000000000000000e+02
2.650000000000000000e+02
4.820000000000000000e+02
2.420000000000000000e+02
4.980000000000000000e+02
2.450000000000000000e+02
2.010000000000000000e+02
2.770000000000000000e+02
1.000000000000000000e+03
2.920000000000000000e+02
2.250000000000000000e+02
2.590000000000000000e+02
2.700000000000000000e+02
2.440000000000000000e+02
2.370000000000000000e+02
2.410000000000000000e+02
2.470000000000000000e+02
2.840000000000000000e+02
2.240000000000000000e+02
2.650000000000000000e+02
4.940000000000000000e+02
3.010000000000000000e+02
2.620000000000000000e+02
1.980000000000000000e+02
2.210000000000000000e+02
8.630000000000000000e+02
4.600000000000000000e+02
1.000000000000000000e+03
2.010000000000000000e+02
2.430000000000000000e+02
2.410000000000000000e+02
2.470000000000000000e+02
1.000000000000000000e+03
4.650000000000000000e+02
1.920000000000000000e+02
4.620000000000000000e+02
4.480000000000000000e+02
5.400000000000000000e+02
2.290000000000000000e+02
2.410000000000000000e+02
1.000000000000000000e+03
2.390000000000000000e+02
2.290000000000000000e+02
1.000000000000000000e+03
2.170000000000000000e+02
6.510000000000000000e+02
2.900000000000000000e+02
5.920000000000000000e+02
2.970000000000000000e+02
2.650000000000000000e+02
2.490000000000000000e+02
2.320000000000000000e+02
2.370000000000000000e+02
3.170000000000000000e+02
2.560000000000000000e+02
6.060000000000000000e+02
1.990000000000000000e+02
2.180000000000000000e+02
6.500000000000000000e+02
2.020000000000000000e+02
2.630000000000000000e+02
5.330000000000000000e+02
2.250000000000000000e+02
6.160000000000000000e+02
3.220000000000000000e+02
2.320000000000000000e+02
2.990000000000000000e+02
1.000000000000000000e+03
2.650000000000000000e+02
8.220000000000000000e+02
2.710000000000000000e+02
2.390000000000000000e+02
6.390000000000000000e+02
2.110000000000000000e+02
2.360000000000000000e+02
2.370000000000000000e+02
5.130000000000000000e+02
4.700000000000000000e+02
2.070000000000000000e+02
2.560000000000000000e+02
1.000000000000000000e+03
2.270000000000000000e+02
2.390000000000000000e+02
4.290000000000000000e+02
6.660000000000000000e+02
4.130000000000000000e+02
4.070000000000000000e+02
2.360000000000000000e+02
4.860000000000000000e+02
1.000000000000000000e+03
2.570000000000000000e+02
2.340000000000000000e+02
1.000000000000000000e+03
2.390000000000000000e+02
2.260000000000000000e+02
1.000000000000000000e+03
2.680000000000000000e+02
3.170000000000000000e+02
2.540000000000000000e+02
2.910000000000000000e+02
5.180000000000000000e+02
2.990000000000000000e+02
2.530000000000000000e+02
4.560000000000000000e+02
2.290000000000000000e+02
2.040000000000000000e+02
2.880000000000000000e+02
2.570000000000000000e+02
4.050000000000000000e+02
2.170000000000000000e+02
3.130000000000000000e+02
2.320000000000000000e+02
2.420000000000000000e+02
2.530000000000000000e+02
2.770000000000000000e+02
4.860000000000000000e+02
8.250000000000000000e+02
3.090000000000000000e+02
2.270000000000000000e+02
4.620000000000000000e+02
7.580000000000000000e+02
2.450000000000000000e+02
2.170000000000000000e+02
3.100000000000000000e+02
2.230000000000000000e+02
6.930000000000000000e+02
2.670000000000000000e+02
4.100000000000000000e+02
2.330000000000000000e+02
2.540000000000000000e+02
4.820000000000000000e+02
2.210000000000000000e+02
2.520000000000000000e+02
2.030000000000000000e+02
2.460000000000000000e+02
1.000000000000000000e+03
2.700000000000000000e+02
2.480000000000000000e+02
2.600000000000000000e+02
2.240000000000000000e+02
2.400000000000000000e+02
2.420000000000000000e+02
2.390000000000000000e+02
2.710000000000000000e+02
2.550000000000000000e+02
2.460000000000000000e+02
7.850000000000000000e+02
2.750000000000000000e+02
2.610000000000000000e+02
1.000000000000000000e+03
2.960000000000000000e+02
2.200000000000000000e+02
3.010000000000000000e+02
2.050000000000000000e+02
2.370000000000000000e+02
2.570000000000000000e+02
1.920000000000000000e+02
2.570000000000000000e+02
2.190000000000000000e+02
4.820000000000000000e+02
5.430000000000000000e+02
2.790000000000000000e+02
4.280000000000000000e+02
2.630000000000000000e+02
2.450000000000000000e+02
2.090000000000000000e+02
4.580000000000000000e+02
2.280000000000000000e+02
5.910000000000000000e+02
2.130000000000000000e+02
2.140000000000000000e+02
2.250000000000000000e+02
2.280000000000000000e+02
1.970000000000000000e+02
3.300000000000000000e+02
7.140000000000000000e+02
2.300000000000000000e+02
2.150000000000000000e+02
1.000000000000000000e+03
3.340000000000000000e+02
2.300000000000000000e+02
2.360000000000000000e+02
2.040000000000000000e+02
4.650000000000000000e+02
2.290000000000000000e+02
2.640000000000000000e+02
6.120000000000000000e+02
6.530000000000000000e+02
2.690000000000000000e+02
4.510000000000000000e+02
2.470000000000000000e+02
4.520000000000000000e+02
2.480000000000000000e+02
3.320000000000000000e+02
2.720000000000000000e+02
2.470000000000000000e+02
3.090000000000000000e+02
2.460000000000000000e+02
2.700000000000000000e+02
2.210000000000000000e+02
2.380000000000000000e+02
2.150000000000000000e+02
1.850000000000000000e+02
1.000000000000000000e+03
2.080000000000000000e+02
2.700000000000000000e+02
2.910000000000000000e+02
5.340000000000000000e+02
2.270000000000000000e+02
2.520000000000000000e+02
2.490000000000000000e+02
2.250000000000000000e+02
2.470000000000000000e+02
4.130000000000000000e+02
3.000000000000000000e+02
1.980000000000000000e+02
2.710000000000000000e+02
2.270000000000000000e+02
2.410000000000000000e+02
1.830000000000000000e+02
3.230000000000000000e+02
6.980000000000000000e+02
2.360000000000000000e+02
1.000000000000000000e+03
2.520000000000000000e+02
2.560000000000000000e+02
2.360000000000000000e+02
2.160000000000000000e+02
2.620000000000000000e+02
4.800000000000000000e+02
2.380000000000000000e+02
2.580000000000000000e+02
2.810000000000000000e+02
3.200000000000000000e+02
2.480000000000000000e+02
2.260000000000000000e+02
3.990000000000000000e+02
2.230000000000000000e+02
2.590000000000000000e+02
1.000000000000000000e+03
2.750000000000000000e+02
2.440000000000000000e+02
2.590000000000000000e+02
2.290000000000000000e+02
8.070000000000000000e+02
2.830000000000000000e+02
2.490000000000000000e+02
2.210000000000000000e+02
2.460000000000000000e+02
2.160000000000000000e+02
2.430000000000000000e+02
2.500000000000000000e+02
2.670000000000000000e+02
3.130000000000000000e+02
2.650000000000000000e+02
2.760000000000000000e+02
2.540000000000000000e+02
2.280000000000000000e+02
2.090000000000000000e+02
5.810000000000000000e+02
1.000000000000000000e+03
2.330000000000000000e+02
4.420000000000000000e+02
1.000000000000000000e+03
4.770000000000000000e+02
2.660000000000000000e+02
2.040000000000000000e+02
6.400000000000000000e+02
2.360000000000000000e+02
6.500000000000000000e+02
1.000000000000000000e+03
2.390000000000000000e+02
2.280000000000000000e+02
2.420000000000000000e+02
1.000000000000000000e+03
2.490000000000000000e+02
7.220000000000000000e+02
2.250000000000000000e+02
3.020000000000000000e+02
2.140000000000000000e+02
2.720000000000000000e+02
2.220000000000000000e+02
2.620000000000000000e+02
2.270000000000000000e+02
1.000000000000000000e+03
2.520000000000000000e+02
3.890000000000000000e+02
4.650000000000000000e+02
2.370000000000000000e+02
2.740000000000000000e+02
2.470000000000000000e+02
2.250000000000000000e+02
1.000000000000000000e+03
2.600000000000000000e+02
2.950000000000000000e+02
2.700000000000000000e+02
2.730000000000000000e+02
2.990000000000000000e+02
7.750000000000000000e+02
4.810000000000000000e+02
2.250000000000000000e+02
4.150000000000000000e+02
2.600000000000000000e+02
2.340000000000000000e+02
2.590000000000000000e+02
1.000000000000000000e+03
2.780000000000000000e+02
4.130000000000000000e+02
2.460000000000000000e+02
2.520000000000000000e+02
2.540000000000000000e+02
2.320000000000000000e+02
1.940000000000000000e+02
6.700000000000000000e+02
2.460000000000000000e+02
2.220000000000000000e+02
1.000000000000000000e+03
2.430000000000000000e+02
1.000000000000000000e+03
2.610000000000000000e+02
3.210000000000000000e+02
4.430000000000000000e+02
2.280000000000000000e+02
2.280000000000000000e+02
2.510000000000000000e+02
2.010000000000000000e+02
2.540000000000000000e+02
3.730000000000000000e+02
8.500000000000000000e+02
2.390000000000000000e+02
6.250000000000000000e+02
2.650000000000000000e+02
2.410000000000000000e+02
7.820000000000000000e+02
3.260000000000000000e+02
1.000000000000000000e+03
2.440000000000000000e+02
2.230000000000000000e+02
2.380000000000000000e+02
1.000000000000000000e+03
2.440000000000000000e+02
2.160000000000000000e+02
4.930000000000000000e+02
3.190000000000000000e+02
2.370000000000000000e+02
3.360000000000000000e+02
2.440000000000000000e+02
2.870000000000000000e+02
2.910000000000000000e+02
2.390000000000000000e+02
5.730000000000000000e+02
2.890000000000000000e+02
1.000000000000000000e+03
2.390000000000000000e+02
2.550000000000000000e+02
2.540000000000000000e+02
5.200000000000000000e+02
2.380000000000000000e+02
2.070000000000000000e+02
