2.625000000000001066e+01
6.465000000000000568e+01
-2.043500000000003354e+02
9.050000000000020250e+00
-2.719999999999984652e+01
1.170000000000003304e+01
6.449999999999998579e+01
6.484999999999999432e+01
4.820000000000000284e+01
3.370000000000000284e+01
7.030000000000001137e+01
4.335000000000001563e+01
-4.109999999999998010e+01
2.189999999999999503e+01
4.919999999999996732e+01
7.404999999999998295e+01
-7.394999999999988916e+01
-3.714999999999948699e+01
7.379999999999998295e+01
3.700000000000012079e+01
5.929999999999999716e+01
2.184999999999997300e+01
6.754999999999999716e+01
2.244999999999997797e+01
3.385000000000000142e+01
3.705000000000000426e+01
1.799999999999926104e+00
4.789999999999999147e+01
-3.291000000000009891e+02
5.454999999999999005e+01
1.950000000000014566e+01
4.535000000000008669e+01
-3.349999999999887734e+00
2.985000000000002629e+01
-9.399999999999991473e+00
5.615000000000000568e+01
7.770000000000001705e+01
4.150000000000002132e+01
-5.199999999999590727e+00
7.905000000000001137e+01
-3.984999999999958220e+01
5.535000000000002984e+01
6.794999999999998863e+01
6.204999999999999005e+01
-1.749000000000005741e+02
-3.964999999999973568e+01
7.704999999999999716e+01
5.859999999999999432e+01
-2.006999999999995907e+02
-6.594999999999994600e+01
-8.214999999999984936e+01
-2.134999999999990905e+01
-3.734999999999933351e+01
5.320000000000000284e+01
2.130000000000009663e+01
5.834999999999999432e+01
-2.504999999999992610e+01
5.890000000000001990e+01
6.654999999999999716e+01
5.544999999999988205e+01
-1.024999999999993605e+01
4.769999999999998863e+01
5.919999999999997442e+01
7.999999999999687361e-01
6.220000000000000995e+01
-5.760000000000001563e+01
6.889999999999999147e+01
2.145000000000012363e+01
6.670000000000000284e+01
8.409999999999998010e+01
2.785000000000028919e+01
1.495000000000002593e+01
5.075000000000004974e+01
1.415000000000001457e+01
6.379999999999999005e+01
6.540000000000000568e+01
8.065000000000000568e+01
6.475000000000000000e+01
6.635000000000002274e+01
-9.674999999999984368e+01
6.390000000000001279e+01
7.219999999999998863e+01
5.824999999999997158e+01
8.250000000000040856e+00
4.629999999999999716e+01
1.910000000000000142e+01
3.484999999999997300e+01
1.170000000000016449e+01
5.670000000000000284e+01
1.955000000000007532e+01
5.945000000000000995e+01
5.705000000000003268e+01
-1.601999999999997044e+02
3.039999999999997726e+01
-2.369999999999966889e+01
5.784999999999999432e+01
-5.534999999999968168e+01
5.040000000000001990e+01
5.284999999999996589e+01
7.850000000000000000e+01
5.855000000000001847e+01
-1.719000000000000341e+02
-6.214999999999932356e+01
1.000000000000000000e+01
7.720000000000001705e+01
4.835000000000000853e+01
6.510000000000002274e+01
-1.100000000000015632e+00
4.314999999999986358e+01
-1.284999999999998010e+02
-6.699999999999971578e+01
-1.968500000000000227e+02
5.610000000000000853e+01
3.299999999999990763e+01
5.124999999999998579e+01
4.089999999999996305e+01
-6.229999999999942872e+01
3.889999999999996305e+01
1.814999999999998437e+01
5.504999999999997584e+01
3.465000000000006963e+01
3.809999999999998010e+01
-3.755500000000017167e+02
4.040000000000005542e+01
-2.024999999999972289e+01
-3.550000000000011369e+00
5.700000000000001421e+01
1.979999999999996163e+01
-6.449999999999974420e+00
6.965000000000000568e+01
7.355000000000001137e+01
-1.799999999999840838e+00
2.770000000000016627e+01
3.859999999999999432e+01
-1.299999999999997158e+01
5.369999999999996021e+01
4.890000000000001279e+01
-1.829500000000003865e+02
6.914999999999997726e+01
6.899999999999997158e+01
6.079999999999996874e+01
-6.974999999999906208e+01
4.494999999999998153e+01
1.060000000000001563e+01
-4.954000000000029331e+02
5.139999999999999147e+01
5.199999999999998579e+01
4.229999999999998295e+01
-1.659999999999999432e+01
8.649999999999939959e+00
7.000000000000001421e+01
5.554999999999999716e+01
6.994999999999998863e+01
4.589999999999999147e+01
3.004999999999997584e+01
6.964999999999997726e+01
7.434999999999999432e+01
-4.659999999999961062e+01
3.399999999999977263e+00
4.354999999999999716e+01
4.930000000000004690e+01
-4.859999999999995168e+01
-1.634999999999998863e+02
7.029999999999998295e+01
-3.834999999999996589e+01
2.630000000000004334e+01
-3.179999999999956373e+01
9.599999999999997868e+00
5.399999999999997158e+01
2.320000000000000284e+01
4.160000000000002274e+01
5.714999999999998437e+01
2.850000000000051159e+00
4.569999999999996732e+01
6.380000000000002558e+01
1.935000000000002274e+01
5.259999999999999432e+01
4.424999999999995737e+01
3.900000000000126477e+00
4.709999999999996589e+01
6.374999999999998579e+01
1.560000000000010090e+01
8.965000000000000568e+01
7.280000000000001137e+01
-1.299999999999999645e+01
3.614999999999998437e+01
6.334999999999998010e+01
-1.934999999999987352e+01
-5.584999999999979536e+01
7.154999999999998295e+01
-4.170000000000001705e+01
-7.324999999999987210e+01
2.435000000000000142e+01
5.499999999999994316e+01
8.439999999999999147e+01
6.219999999999998153e+01
5.304999999999999716e+01
4.679999999999999005e+01
7.484999999999999432e+01
1.379999999999991367e+01
-7.649999999999977263e+01
5.160000000000002984e+01
-3.359999999999968168e+01
6.479999999999998295e+01
6.175000000000000711e+01
-7.109499999999998181e+02
-1.614999999999925251e+01
7.350000000000001421e+01
3.890000000000001990e+01
7.295000000000000284e+01
-1.119999999999997442e+01
5.800000000000000711e+01
-5.240000000000003411e+01
2.900000000000009948e+01
5.904999999999997584e+01
7.470000000000001705e+01
2.050000000000160583e+00
4.314999999999997016e+01
-2.208500000000006196e+02
1.270000000000019824e+01
4.050000000000004974e+01
-2.819999999999963336e+01
6.185000000000002274e+01
5.469999999999998863e+01
2.889999999999999858e+01
2.794999999999998508e+01
6.790000000000000568e+01
5.129999999999995453e+01
4.519999999999996021e+01
4.720000000000000995e+01
5.845000000000000284e+01
6.245000000000001705e+01
-4.099999999999970868e+01
5.765000000000002700e+01
4.704999999999995453e+01
7.669999999999998863e+01
2.085000000000019327e+01
4.474999999999997868e+01
-6.049999999999982947e+00
2.159999999999994813e+01
5.780000000000001847e+01
9.599999999999992539e+00
2.674999999999997158e+01
5.954999999999997584e+01
6.880000000000001137e+01
-6.584999999999952536e+01
2.624999999999993605e+01
-7.060000000000002274e+01
5.844999999999996732e+01
-4.999999999980531129e-02
-2.811199999999984357e+03
8.250000000000206057e+00
5.165000000000004121e+01
7.170000000000001705e+01
-8.739999999999965041e+01
5.540000000000000568e+01
-4.749999999999786837e+00
-1.059499999999997044e+02
5.354999999999999716e+01
1.384999999999998543e+01
3.949999999999995737e+01
7.849999999999988987e+00
7.850000000000008527e+00
4.395000000000005969e+01
-2.809999999999993747e+01
7.600000000000000000e+01
5.250000000000001421e+01
6.194999999999998863e+01
5.414999999999998437e+01
1.805000000000009663e+01
-4.674999999999968736e+01
4.090000000000001990e+01
3.725000000000001421e+01
4.944999999999999574e+01
1.660000000000012932e+01
5.500000000000002842e+01
2.174999999999999645e+01
2.929999999999999005e+01
6.895000000000000284e+01
-2.044999999999976126e+01
-1.115000000000001634e+01
6.045000000000000995e+01
7.500000000000000000e+01
6.795000000000001705e+01
4.390000000000000568e+01
2.050000000000006750e+01
4.494999999999998863e+01
-6.239999999999986358e+01
5.669999999999998153e+01
5.935000000000000853e+01
-2.464999999999971436e+01
5.149999999999997868e+01
5.955000000000000426e+01
5.929999999999998295e+01
1.180000000000007709e+01
2.860000000000005826e+01
3.489999999999999147e+01
6.865000000000000568e+01
6.244999999999997442e+01
-1.466999999999997328e+02
6.120000000000003126e+01
7.450000000000000000e+01
4.735000000000000142e+01
2.945000000000002061e+01
6.415000000000000568e+01
7.009999999999999432e+01
3.995000000000004547e+01
1.999999999999985789e+00
6.314999999999997726e+01
-7.199999999999974420e+01
6.484999999999999432e+01
6.314999999999999858e+01
1.545000000000027107e+01
3.374999999999998579e+01
6.169999999999998863e+01
3.729999999999993321e+01
5.034999999999999432e+01
-1.369999999999991047e+01
4.204999999999997584e+01
4.035000000000002274e+01
7.425000000000000000e+01
6.015000000000000568e+01
6.370000000000000284e+01
2.825000000000001421e+01
7.439999999999999147e+01
6.010000000000000142e+01
3.875000000000002132e+01
5.529999999999996874e+01
5.015000000000001279e+01
-2.014999999999972147e+01
2.484999999999996589e+01
3.024999999999999289e+01
-5.094999999999969731e+01
6.345000000000000284e+01
-2.694999999999976836e+01
-5.609999999999951115e+01
-1.800000000000068212e+00
3.710000000000000853e+01
1.170000000000003482e+01
6.670000000000001705e+01
7.475000000000000000e+01
5.404999999999996874e+01
5.995000000000001705e+01
-4.919999999999964757e+01
3.175000000000000000e+01
7.770000000000000284e+01
6.119999999999998863e+01
6.199999999999999289e+01
9.000000000002259526e-01
9.049999999999986500e+00
5.164999999999999858e+01
-2.494999999999985363e+01
5.500000000000000711e+01
7.295000000000001705e+01
6.289999999999999147e+01
5.754999999999998295e+01
6.060000000000000142e+01
4.965000000000004121e+01
4.155000000000001137e+01
-3.915550000000047930e+03
-5.750000000000007105e+00
6.949999999999998579e+01
8.300000000000036238e+00
4.009999999999992326e+01
8.619999999999998863e+01
5.894999999999998153e+01
5.130000000000000426e+01
-1.774999999999994316e+01
1.109999999999998366e+01
6.829999999999998295e+01
-4.034999999999944720e+01
-1.990000000000003126e+02
-2.675000000000000000e+01
6.754999999999998295e+01
5.444999999999997442e+01
5.849999999999996447e+01
1.520000000000005791e+01
4.560000000000000853e+01
-1.903500000000001080e+02
6.220000000000001705e+01
-6.725000000000000000e+01
1.475000000000012257e+01
7.450000000000001421e+01
5.735000000000000853e+01
3.550000000000005684e+01
8.600000000000246558e+00
8.000000000000090594e+00
5.834999999999998010e+01
5.624999999999999289e+01
2.835000000000000853e+01
5.754999999999999005e+01
6.259999999999999432e+01
5.895000000000000995e+01
-8.099999999999639044e+00
1.540000000000025970e+01
6.929999999999998295e+01
3.205000000000008242e+01
7.409999999999999432e+01
5.774999999999997868e+01
5.389999999999998437e+01
4.454999999999999716e+01
2.864999999999997726e+01
5.815000000000001279e+01
2.819999999999992824e+01
7.399999999999961275e+00
3.999999999999992895e+00
-2.159999999999934772e+01
6.049999999999963407e+00
2.020000000000000995e+01
2.540000000000005542e+01
3.395000000000002416e+01
5.900000000000000000e+01
-3.149999999999953104e+01
7.330000000000001137e+01
1.955000000000000426e+01
-3.199999999999995737e+01
6.400000000000002842e+01
-2.699999999999974420e+00
5.049999999999997158e+01
-1.050500000000003524e+02
6.700000000000000000e+01
2.570000000000001350e+01
-9.314999999999940883e+01
3.074999999999999289e+01
6.379999999999999716e+01
4.250000000000001421e+01
-1.241000000000009322e+02
5.485000000000000142e+01
3.459999999999998721e+01
6.100000000000002132e+01
7.600000000000000000e+01
5.739999999999997726e+01
6.189999999999999858e+01
-5.319999999999946283e+01
6.455000000000001137e+01
4.734999999999998721e+01
1.600000000000157740e+00
5.859999999999997300e+01
7.434999999999999432e+01
3.285000000000000142e+01
-6.314999999999983515e+01
7.434999999999999432e+01
2.605000000000000071e+01
7.414999999999997726e+01
-2.904999999999983373e+01
9.100000000000196820e+00
7.550000000000000000e+01
-2.924999999999972999e+01
3.985000000000005826e+01
6.350000000000000000e+01
5.864999999999999147e+01
-1.274999999999955946e+01
2.195000000000011298e+01
-2.484999999999995168e+01
4.914999999999999858e+01
2.595000000000003126e+01
-5.179999999999985505e+01
1.590000000000010516e+01
1.849999999999995026e+01
6.155000000000001137e+01
6.919999999999996021e+01
5.000000000000008527e+01
3.794999999999996732e+01
-1.606999999999997613e+02
4.460000000000000142e+01
5.065000000000001279e+01
3.599999999999992184e+01
7.299999999999940314e+00
6.080000000000001847e+01
4.549999999999992895e+01
6.815000000000000568e+01
4.889999999999998437e+01
5.979999999999999716e+01
5.060000000000001563e+01
-2.785000000000008669e+01
7.459999999999999432e+01
3.255000000000006821e+01
1.410000000000010267e+01
6.809999999999999432e+01
8.065000000000000568e+01
5.755000000000001137e+01
2.070000000000000995e+01
4.834999999999998010e+01
6.440000000000000568e+01
-1.914999999999960067e+01
-9.499999999999984013e+00
7.704999999999998295e+01
1.745000000000007745e+01
3.734999999999996589e+01
-1.931999999999999034e+02
-9.649999999999721467e+00
6.784999999999999432e+01
-1.034000000000002899e+02
6.344999999999999574e+01
-5.969999999999999574e+01
5.089999999999998437e+01
5.920000000000000995e+01
-2.799999999999720046e+00
1.195000000000002949e+01
8.474999999999997158e+01
7.860000000000000853e+01
-2.690000000000004832e+01
-2.519999999999998863e+01
-1.769999999999981100e+01
-2.850000000000001421e+00
6.060000000000001563e+01
6.459999999999998010e+01
4.159999999999998721e+01
5.259999999999998721e+01
6.385000000000001563e+01
7.495000000000000284e+01
-2.813500000000012733e+02
5.695000000000000284e+01
4.135000000000001563e+01
5.815000000000000568e+01
-6.524999999999955946e+01
6.399999999999999289e+01
1.340000000000001279e+01
6.300000000000000000e+01
7.815000000000000568e+01
6.735000000000005116e+01
6.045000000000002416e+01
5.534999999999999432e+01
-3.934999999999896403e+01
2.340000000000001634e+01
6.334999999999998010e+01
5.875000000000000000e+01
4.404999999999998295e+01
2.274999999999999645e+01
5.980000000000001137e+01
-2.184500000000003013e+02
6.980000000000001137e+01
7.469999999999998863e+01
4.059999999999997300e+01
2.544999999999995310e+01
8.965000000000001990e+01
4.424999999999995737e+01
5.970000000000000995e+01
6.505000000000001137e+01
-3.449999999999972289e+01
6.640000000000003411e+01
4.579999999999999005e+01
7.934999999999999432e+01
-1.324999999999975131e+01
-1.259999999999985221e+01
-6.554999999999996874e+01
4.339999999999996305e+01
-6.689999999999945146e+01
1.229999999999991900e+01
-1.060999999999999659e+02
1.955000000000008953e+01
-2.239500000000000455e+02
3.270000000000005258e+01
7.665000000000003411e+01
-1.069000000000000909e+02
6.494999999999998863e+01
-6.330500000000037062e+02
6.879999999999998295e+01
3.535000000000000853e+01
-9.195000000000044338e+01
5.264999999999999147e+01
3.350000000000010658e+01
4.000000000000051514e+00
6.424999999999998579e+01
-9.264999999999966462e+01
5.969999999999997442e+01
8.000000000003240075e-01
-3.269999999999961915e+01
-4.181500000000014552e+02
3.134999999999995879e+01
3.800000000000110845e+00
6.909999999999999432e+01
8.849999999999994316e+00
4.865000000000000568e+01
-3.495500000000031946e+02
-1.469500000000005571e+02
7.345000000000001705e+01
5.470000000000001705e+01
5.719999999999998863e+01
4.049999999999990763e+01
-9.164999999999940883e+01
-3.899999999999958789e+01
6.110000000000001563e+01
3.474999999999997868e+01
4.814999999999997726e+01
-2.904999999999999005e+01
4.645000000000001705e+01
6.220000000000001705e+01
-1.319999999999996021e+01
6.054999999999994031e+01
5.459999999999999432e+01
5.410000000000000142e+01
3.270000000000009521e+01
6.159999999999999432e+01
5.610000000000000853e+01
6.600000000000063594e+00
-2.229999999999996874e+02
4.859999999999997300e+01
-1.874500000000000739e+02
-9.329999999999964189e+01
-1.905499999999998693e+02
5.454999999999999716e+01
4.710000000000003695e+01
5.460000000000000853e+01
-4.189999999999967173e+01
1.985000000000020393e+01
3.560000000000000142e+01
4.140000000000001990e+01
4.884999999999998721e+01
-3.150500000000009777e+02
2.585000000000002984e+01
4.744999999999998153e+01
-1.136499999999998636e+02
7.600000000000000000e+01
4.755000000000002558e+01
6.479999999999999716e+01
3.915000000000001990e+01
6.930000000000002558e+01
-4.402000000000031719e+02
7.420000000000000284e+01
1.165000000000000213e+01
7.885000000000000853e+01
5.750000000000000711e+01
7.430000000000001137e+01
-2.399999999999977263e+01
5.559999999999999432e+01
5.739999999999999147e+01
-6.499999999999609201e+00
4.689999999999999858e+01
4.299999999999994316e+01
6.904999999999999716e+01
-1.264999999999998437e+01
1.735000000000019327e+01
5.009999999999996589e+01
3.829999999999997584e+01
8.400000000000014566e+00
4.904999999999996874e+01
6.454999999999998295e+01
4.609999999999999432e+01
-5.509999999999968168e+01
6.275000000000000000e+01
5.975000000000001421e+01
6.414999999999999147e+01
1.425000000000014033e+01
6.935000000000002274e+01
-5.469999999999987494e+01
7.395000000000000284e+01
6.679999999999998295e+01
1.149999999999998046e+01
-4.774999999999998579e+01
4.489999999999997726e+01
6.745000000000001705e+01
6.755000000000001137e+01
1.209999999999993925e+01
2.640000000000000924e+01
5.359999999999998721e+01
3.525000000000000000e+01
5.284999999999993037e+01
2.540000000000009095e+01
7.459999999999999432e+01
6.889999999999999147e+01
-4.999999999990478727e-02
5.704999999999996163e+01
4.049999999999997158e+01
5.984999999999995879e+01
6.425000000000000000e+01
-1.160999999999999659e+02
1.890000000000009805e+01
-3.815000000000004121e+01
5.960000000000000142e+01
9.950000000000009948e+00
3.515000000000000568e+01
6.805000000000001137e+01
-3.512500000000010232e+02
-2.364999999999974278e+01
7.024999999999998579e+01
2.290000000000019043e+01
5.014999999999992752e+01
1.350000000000006040e+01
7.444999999999998863e+01
5.684999999999997300e+01
-4.967000000000018645e+02
1.784999999999997300e+01
2.945000000000000995e+01
-1.219999999999999929e+01
7.319999999999998863e+01
-4.979999999999945715e+01
4.959999999999997300e+01
-2.124999999999968736e+01
2.655000000000006111e+01
3.704999999999998295e+01
5.130000000000000426e+01
6.629999999999999716e+01
5.319999999999996732e+01
4.880000000000000426e+01
2.204999999999995808e+01
-6.379999999999965610e+01
7.430000000000001137e+01
6.030000000000001137e+01
-5.084999999999979536e+01
4.975000000000000000e+01
2.685000000000000853e+01
4.499999999999886313e-01
7.479999999999999716e+01
-2.970000000000002416e+01
5.344999999999998863e+01
5.789999999999999147e+01
4.424999999999997868e+01
-1.731499999999997499e+02
3.309999999999998010e+01
-9.054999999999957083e+01
3.370000000000000284e+01
5.209999999999999432e+01
-4.484999999999952536e+01
7.995000000000001705e+01
5.365000000000001990e+01
5.829999999999996874e+01
-8.049999999999876366e+00
8.600000000000013856e+00
6.555000000000001137e+01
3.224999999999999289e+01
-1.750000000000000000e+00
6.539999999999997726e+01
5.789999999999997016e+01
-5.419999999999973284e+01
-4.594999999999946283e+01
2.410000000000026077e+01
3.440000000000014069e+01
6.734999999999999432e+01
-1.004999999999993321e+01
-1.999999999999317879e-01
2.949999999999999289e+01
3.185000000000002984e+01
-2.108000000000002103e+02
5.929999999999994031e+01
7.174999999999998579e+01
-1.594999999999999929e+01
3.364999999999997726e+01
3.484999999999995879e+01
5.139999999999995595e+01
6.259999999999995879e+01
-6.094999999999980389e+01
3.740000000000000568e+01
2.424999999999997868e+01
2.645000000000007745e+01
2.360000000000011511e+01
4.029999999999996163e+01
6.054999999999995453e+01
3.940000000000004121e+01
1.949999999999995026e+01
5.734999999999998721e+01
4.134999999999999432e+01
7.964999999999997726e+01
6.215000000000001279e+01
4.309999999999998721e+01
3.519999999999999574e+01
-6.299999999999691624e+00
-9.799999999999414513e+00
-5.449999999999882050e+00
5.680000000000003268e+01
-2.789999999999990621e+01
-4.259999999999937614e+01
6.364999999999998437e+01
7.465000000000000568e+01
-3.650000000000005684e+00
5.960000000000000142e+01
-5.074999999999940314e+01
4.200000000000002842e+01
3.235000000000001563e+01
6.120000000000000284e+01
2.814999999999998437e+01
-2.004999999999972005e+01
5.919999999999998863e+01
5.194999999999998153e+01
6.434999999999999432e+01
5.615000000000003411e+01
-2.064000000000006594e+02
2.860000000000001563e+01
5.710000000000002984e+01
9.400000000000028777e+00
7.460000000000000853e+01
5.940000000000001279e+01
4.499999999999996447e+01
4.869999999999999574e+01
3.545000000000001705e+01
2.965000000000000924e+01
7.394999999999998863e+01
-6.004999999999930083e+01
4.664999999999998437e+01
6.275000000000000711e+01
-5.980000000000005400e+01
6.510000000000002274e+01
3.470000000000002416e+01
3.024999999999997158e+01
6.479999999999998295e+01
6.429999999999996874e+01
6.214999999999999858e+01
8.444999999999994600e+01
-1.464999999999999858e+01
5.400000000000000000e+01
-5.354999999999962768e+01
-4.414999999999960778e+01
6.230000000000001137e+01
-1.679999999999990479e+01
5.785000000000000853e+01
2.764999999999999858e+01
7.550000000000000000e+01
2.564999999999999858e+01
5.045000000000000284e+01
-3.439999999999940172e+01
7.475000000000000000e+01
5.915000000000000568e+01
5.699999999999998579e+01
5.499999999999997868e+01
5.514999999999999858e+01
4.179999999999989058e+01
-1.164999999999996021e+02
7.905000000000001137e+01
5.929999999999999005e+01
-5.574999999999997158e+01
3.715000000000000568e+01
6.815000000000000568e+01
6.995000000000001705e+01
7.964999999999997726e+01
8.400000000000105160e+00
5.920000000000000995e+01
5.444999999999998863e+01
-5.429999999999969873e+01
-6.834999999999996589e+01
4.829999999999996874e+01
-2.824999999999969447e+01
4.430000000000000426e+01
-2.584999999999973141e+01
6.859999999999999432e+01
1.280000000000003091e+01
2.470000000000005969e+01
4.974999999999998579e+01
3.745000000000001705e+01
6.705000000000001137e+01
1.600000000000004263e+01
4.784999999999998010e+01
6.405000000000001137e+01
5.414999999999999858e+01
6.609999999999999432e+01
-1.174999999999979394e+01
6.344999999999999574e+01
3.220000000000001705e+01
3.609999999999999432e+01
-2.179999999999966320e+01
2.235000000000011866e+01
5.860000000000000853e+01
5.079999999999994742e+01
6.734999999999996589e+01
3.794999999999998863e+01
1.275000000000003375e+01
4.024999999999999289e+01
6.344999999999998863e+01
4.470000000000000995e+01
5.425000000000000711e+01
4.830000000000001137e+01
6.475000000000000000e+01
-3.810000000000009663e+02
-9.834999999999942588e+01
6.390000000000000568e+01
-1.717499999999997726e+02
5.394999999999998863e+01
3.600000000000007105e+01
4.594999999999996732e+01
7.439999999999994884e+01
4.960000000000002274e+01
-1.379999999999978400e+01
5.809999999999997300e+01
3.724999999999996447e+01
4.579999999999993321e+01
1.685000000000001918e+01
1.649999999999948841e+00
4.520000000000000995e+01
3.480000000000007532e+01
6.405000000000001137e+01
2.964999999999999858e+01
1.385000000000000853e+01
6.959999999999999432e+01
4.654999999999997584e+01
3.900000000000002842e+01
1.445000000000003126e+01
-6.489999999999994884e+01
1.639999999999999147e+01
6.455000000000001137e+01
7.979999999999999716e+01
6.264999999999998437e+01
6.500000000000001421e+01
5.459999999999995879e+01
2.630000000000002558e+01
5.294999999999998153e+01
4.315000000000008384e+01
6.234999999999999432e+01
6.859999999999999432e+01
5.439999999999999858e+01
6.260000000000000853e+01
6.990000000000000568e+01
2.359999999999992681e+01
-1.509499999999995055e+02
3.195000000000002416e+01
6.500000000000129674e+00
-2.753599999999972169e+03
-2.169999999999988205e+01
5.779999999999999005e+01
4.964999999999999858e+01
5.750000000000325073e+00
6.405000000000001137e+01
-3.539999999999950830e+01
-7.809999999999996589e+01
4.929999999999999716e+01
4.924999999999998579e+01
5.280000000000001137e+01
-9.584999999999999432e+01
5.204999999999996163e+01
-3.559999999999919851e+01
4.975000000000000711e+01
4.684999999999995168e+01
7.095000000000001705e+01
6.584999999999998010e+01
6.595000000000001705e+01
4.515000000000004832e+01
4.564999999999997016e+01
-2.107499999999999432e+02
6.389999999999999147e+01
3.820000000000002416e+01
1.405000000000017302e+01
5.709999999999999432e+01
5.234999999999998010e+01
3.450000000000000711e+01
7.350000000000000000e+01
-1.455000000000002025e+01
7.900000000000012790e+00
-1.894999999999989626e+01
4.984999999999999432e+01
3.959999999999994458e+01
2.579999999999999005e+01
-3.689999999999918856e+01
5.000000000000175859e+00
5.995000000000001705e+01
3.150000000000008527e+01
4.879999999999999005e+01
4.374999999999998579e+01
3.890000000000000568e+01
-2.774000000000010573e+02
2.820000000000011653e+01
3.355000000000007532e+01
5.569999999999998863e+01
1.624999999999999289e+01
6.924999999999998579e+01
5.344999999999996732e+01
8.825000000000004263e+01
-1.354999999999952109e+01
3.519999999999993889e+01
4.839999999999996305e+01
-3.175000000000000711e+01
6.405000000000001137e+01
-4.109999999999990905e+01
2.874999999999998579e+01
3.759999999999995168e+01
-3.249999999999950973e+01
5.054999999999999716e+01
7.475000000000000000e+01
2.855000000000002203e+01
6.450000000000002842e+01
5.214999999999996305e+01
-5.700000000000009948e+00
-1.150500000000004945e+02
7.634999999999999432e+01
-1.939999999999982094e+01
5.229999999999998295e+01
6.419999999999996021e+01
-7.209999999999988063e+01
2.350000000000051159e+00
-5.393500000000000227e+02
5.070000000000000995e+01
6.744999999999998863e+01
4.920000000000000284e+01
-2.967000000000003865e+02
5.909999999999999432e+01
4.485000000000000142e+01
-3.679999999999959215e+01
-5.499999999999936051e+00
4.940000000000000568e+01
1.219999999999999929e+01
3.010000000000005116e+01
1.735000000000000853e+01
5.594999999999991758e+01
6.760000000000002274e+01
6.850000000000003197e+00
6.969999999999996021e+01
-1.419999999999996874e+02
6.560000000000002274e+01
6.315000000000000568e+01
6.510000000000000853e+01
-4.899999999999849365e+00
5.405000000000001137e+01
5.589999999999999147e+01
