-5.989999999999936620e+01
8.250000000000000000e+01
2.679999999999999005e+01
-7.869999999999926388e+01
5.760000000000001563e+01
5.989999999999999147e+01
5.680000000000001137e+01
-1.889999999999972147e+01
2.655000000000002558e+01
7.034999999999999432e+01
-1.140999999999997669e+02
2.630000000000015348e+01
5.144999999999999574e+01
5.420000000000000284e+01
6.249999999999998579e+01
2.230000000000002558e+01
7.400000000000002132e+00
7.800000000000190781e+00
-5.779999999999978400e+01
2.360000000000020037e+01
-6.334999999999996589e+01
6.169999999999999574e+01
-1.207499999999996305e+02
4.750000000000037303e+00
4.244999999999997442e+01
-7.224999999999953104e+01
6.404999999999999716e+01
4.794999999999998153e+01
6.470000000000001705e+01
-4.974999999999997158e+01
4.859999999999999432e+01
-2.057000000000005855e+02
5.899999999999987921e+00
-2.779999999999956373e+01
5.389999999999998437e+01
2.929999999999999005e+01
-2.089999999999978542e+01
6.915000000000000568e+01
3.520000000000004547e+01
-6.699999999999803890e+00
7.144999999999998863e+01
3.804999999999998295e+01
6.095000000000000284e+01
7.510000000000000853e+01
7.885000000000002274e+01
2.710000000000003695e+01
5.819999999999998863e+01
3.825000000000002132e+01
3.970000000000000995e+01
4.339999999999996305e+01
-7.464999999999965041e+01
-1.764999999999972147e+01
4.564999999999996305e+01
-2.799999999999947420e+00
6.165000000000000568e+01
-1.379499999999994770e+02
6.270000000000000284e+01
-8.014999999999909619e+01
3.919999999999998863e+01
-2.119999999999971863e+01
4.909999999999996589e+01
6.890000000000000568e+01
4.304999999999999005e+01
-2.469999999999992824e+01
4.515000000000004832e+01
2.095000000000031903e+01
1.379999999999999716e+01
4.044999999999998863e+01
-5.761000000000010459e+02
3.810000000000002984e+01
-7.799999999999958789e+01
5.920000000000000995e+01
-6.549999999999869260e+00
-2.399999999999973710e+01
5.515000000000001990e+01
-1.191499999999997499e+02
2.435000000000002274e+01
6.319999999999996732e+01
2.625000000000008882e+01
7.085000000000000853e+01
5.530000000000002558e+01
4.844999999999998863e+01
5.955000000000001137e+01
6.220000000000000284e+01
8.214999999999997726e+01
2.140000000000008740e+01
2.425000000000001421e+01
4.109999999999995168e+01
5.000000000031690206e-02
5.950000000000000000e+01
5.730000000000002558e+01
4.714999999999998437e+01
3.659999999999996589e+01
4.400000000000000711e+01
-4.009999999999891429e+01
5.429999999999996874e+01
7.935000000000002274e+01
7.204999999999998295e+01
-1.603000000000006366e+02
-8.299999999999691624e+00
4.450000000000002842e+01
4.270000000000000284e+01
-3.583499999999957708e+03
-4.789999999999988489e+01
6.719999999999998863e+01
-2.462000000000009550e+02
-1.574999999999973710e+01
2.030000000000012506e+01
-5.089500000000019782e+02
-2.513500000000000512e+02
4.445000000000006679e+01
5.679999999999998295e+01
3.310000000000008669e+01
7.889999999999997726e+01
3.994999999999996732e+01
8.120000000000001705e+01
6.124999999999997868e+01
5.904999999999998295e+01
-4.794999999999946283e+01
7.044999999999998863e+01
5.409999999999998010e+01
5.114999999999999147e+01
5.860000000000000142e+01
5.935000000000000142e+01
4.010000000000000142e+01
5.985000000000000142e+01
6.685000000000005116e+01
-5.404999999999864713e+01
-1.124999999999975131e+01
4.805000000000001137e+01
4.530000000000000426e+01
4.044999999999998153e+01
6.404999999999998295e+01
-1.441500000000012278e+02
1.300000000000006750e+01
-2.950000000000017053e+00
6.460000000000000853e+01
6.300000000000000000e+01
6.704999999999999716e+01
2.110000000000001208e+01
6.360000000000001563e+01
-4.754999999999954241e+01
1.879999999999999716e+01
7.940000000000000568e+01
-2.382999999999997840e+02
4.359999999999999432e+01
6.064999999999998437e+01
6.519999999999996021e+01
2.134999999999997300e+01
3.115000000000006963e+01
-3.774999999999985079e+01
2.150000000000003553e+01
6.925000000000000000e+01
6.675000000000002842e+01
4.565000000000007674e+01
-4.364999999999889724e+01
3.025000000000004974e+01
2.569999999999998153e+01
2.449999999999999289e+01
7.049999999999997158e+01
-2.029999999999999005e+01
7.009999999999998010e+01
4.155000000000003979e+01
3.035000000000002274e+01
2.710000000000000142e+01
5.689999999999997726e+01
1.390000000000007674e+01
-1.834499999999997044e+02
5.029999999999995453e+01
7.394999999999998863e+01
5.709999999999999432e+01
3.894999999999999574e+01
5.404999999999998295e+01
5.834999999999998010e+01
5.530000000000000426e+01
4.784999999999993747e+01
-3.454999999999952820e+01
5.899999999999973710e+00
5.970000000000000284e+01
6.860000000000002274e+01
3.679999999999998295e+01
7.784999999999999432e+01
6.969999999999998863e+01
3.760000000000002274e+01
6.130000000000003268e+01
5.929999999999996874e+01
4.309999999999997300e+01
4.124999999999995737e+01
1.255000000000019966e+01
3.860000000000011511e+01
-6.400000000000029843e+01
5.280000000000007532e+01
-2.014999999999941593e+01
5.924999999999998579e+01
6.209999999999998721e+01
7.274999999999998579e+01
8.415000000000000568e+01
5.485000000000000142e+01
5.174999999999999289e+01
4.679999999999996163e+01
4.000000000000005684e+01
6.914999999999999147e+01
-9.900000000000127898e+01
1.995000000000019469e+01
-5.444999999999957652e+01
2.435000000000018616e+01
4.604999999999998295e+01
2.269999999999998153e+01
-2.424999999999970868e+01
3.574999999999997158e+01
-1.220999999999998238e+02
4.084999999999995168e+01
5.764999999999999147e+01
4.370000000000003837e+01
-7.649999999999884892e+00
4.814999999999998437e+01
5.455000000000000426e+01
7.285000000000002274e+01
7.760000000000000853e+01
5.409999999999998721e+01
6.929999999999998295e+01
7.349999999999997158e+01
-1.239999999999965752e+01
1.370000000000049134e+01
6.115000000000001279e+01
-9.999999999996589395e-02
2.420000000000012719e+01
5.589999999999998437e+01
-2.751500000000002615e+02
7.990000000000000568e+01
4.885000000000000142e+01
-2.415050000000021555e+03
7.530000000000001137e+01
4.290000000000004832e+01
6.870000000000001705e+01
6.425000000000000000e+01
-4.314999999999925251e+01
5.124999999999997868e+01
5.794999999999997442e+01
5.990000000000001279e+01
6.525000000000000000e+01
3.385000000000004405e+01
2.600000000000011724e+01
3.060000000000000853e+01
5.264999999999999147e+01
-8.534999999999989484e+01
8.559999999999998010e+01
7.905000000000001137e+01
4.129999999999999716e+01
7.429999999999998295e+01
3.780000000000000426e+01
2.865000000000001990e+01
6.345000000000000284e+01
2.010000000000000853e+01
-4.294999999999992468e+01
-6.199999999999498357e+00
7.429999999999998295e+01
8.550000000000011369e+00
5.259999999999996589e+01
-4.900000000000003553e+01
-3.709999999999985931e+01
5.245000000000000284e+01
1.705000000000003979e+01
-6.044999999999916440e+01
4.620000000000004547e+01
5.915000000000001990e+01
7.610000000000002274e+01
-2.068999999999996930e+02
5.530000000000000426e+01
3.254999999999999716e+01
-6.399999999999778311e+00
6.924999999999998579e+01
6.570000000000001705e+01
8.079999999999999716e+01
-1.092999999999990735e+02
4.175000000000001421e+01
2.805000000000001137e+01
7.309999999999999432e+01
-3.145000000000012506e+02
-3.219999999999984652e+01
1.900000000000023448e+00
4.174999999999998579e+01
-1.891999999999997328e+02
2.155000000000001847e+01
5.969999999999999574e+01
2.775000000000003553e+01
1.770000000000008100e+01
2.995000000000006679e+01
7.415000000000000568e+01
-2.249999999999914735e+00
5.909999999999998010e+01
4.369999999999994600e+01
-3.719999999999998863e+01
-1.074999999999989342e+01
4.275000000000001421e+01
4.629999999999999716e+01
6.950000000000002842e+01
6.114999999999994174e+01
6.869999999999998863e+01
6.604999999999995453e+01
4.294999999999997442e+01
-8.399999999999899103e+00
5.950000000000000000e+01
4.200000000000000711e+01
4.459999999999998010e+01
6.180000000000001847e+01
5.229999999999997584e+01
5.200000000000000000e+01
7.079999999999998295e+01
4.219999999999998863e+01
-6.000000000000156319e-01
3.760000000000003695e+01
1.500000000000270006e+00
6.494999999999997442e+01
8.539999999999999147e+01
7.140000000000003411e+01
7.855000000000001137e+01
-1.629999999999967031e+01
1.230000000000020144e+01
2.925000000000001421e+01
6.035000000000001563e+01
6.944999999999998863e+01
7.489999999999997726e+01
6.369999999999998863e+01
-1.594999999999947704e+01
6.955000000000001137e+01
5.614999999999999858e+01
6.940000000000000568e+01
-2.829999999999989058e+01
7.264999999999997726e+01
3.784999999999997300e+01
4.629999999999998295e+01
6.274999999999995737e+01
4.089999999999994174e+01
1.504999999999999716e+01
3.525000000000000711e+01
6.290000000000001279e+01
6.979999999999998295e+01
6.285000000000002274e+01
3.960000000000000142e+01
3.579999999999998295e+01
5.720000000000000284e+01
4.709999999999996589e+01
5.875000000000001421e+01
-8.749999999999872102e+00
1.625000000000012079e+01
6.900000000000042988e+00
4.394999999999998863e+01
6.354999999999996874e+01
-1.144999999999975415e+01
5.340000000000001279e+01
-3.649999999999926814e+01
-1.864999999999981384e+01
6.679999999999998295e+01
3.395000000000003126e+01
6.840000000000000568e+01
6.245000000000001705e+01
2.269999999999996732e+01
4.599999999999995737e+01
8.300000000000002842e+01
4.475000000000002132e+01
6.424999999999997158e+01
4.480000000000002558e+01
3.695000000000003126e+01
2.934999999999999432e+01
4.979999999999999005e+01
5.975000000000000711e+01
4.510000000000000853e+01
-1.070500000000006366e+02
2.385000000000000142e+01
-1.132350000000002865e+03
-1.449999999999964473e+01
5.204999999999994031e+01
6.119999999999998153e+01
5.465000000000001279e+01
7.009999999999999432e+01
5.675000000000000711e+01
4.380000000000001847e+01
1.720000000000005258e+01
6.195000000000000284e+01
1.925000000000001776e+01
3.590000000000004121e+01
2.369999999999997797e+01
3.630000000000003979e+01
5.704999999999999716e+01
8.549999999999990052e+00
5.069999999999991758e+01
4.334999999999997300e+01
4.214999999999997016e+01
3.534999999999998721e+01
4.535000000000009379e+01
-6.834999999999979536e+01
-6.399999999999980105e+01
5.380000000000000426e+01
-2.964999999999970726e+01
5.654999999999999716e+01
2.279999999999996874e+01
-3.349999999999971578e+01
5.935000000000000142e+01
3.075000000000000355e+01
-1.534999999999939035e+01
5.835000000000000853e+01
2.700000000000000711e+01
2.260000000000011866e+01
8.425000000000000000e+01
3.355000000000008242e+01
7.894999999999998863e+01
7.465000000000000568e+01
-1.705000000000001137e+01
5.485000000000000142e+01
-1.634999999999975273e+01
2.785000000000002984e+01
-1.935500000000004093e+02
6.325000000000000000e+01
3.765000000000009805e+01
3.275000000000015632e+01
3.825000000000002842e+01
2.180000000000003624e+01
-1.099999999999980105e+00
8.100000000000118661e+00
2.600000000000007461e+01
4.259999999999998721e+01
2.475000000000005684e+01
-1.079999999999977689e+01
4.064999999999997016e+01
-8.499999999999459988e+00
5.275000000000000000e+01
6.839999999999997726e+01
2.074999999999999645e+01
4.665000000000000568e+01
4.419999999999998863e+01
3.930000000000006111e+01
4.269999999999992468e+01
2.800000000000125056e+00
6.335000000000003695e+01
5.349999999999997158e+01
6.534999999999999432e+01
5.609999999999999432e+01
5.244999999999998863e+01
-1.471500000000006878e+02
8.000000000000000000e+01
5.905000000000001137e+01
5.935000000000000853e+01
-5.974999999999938893e+01
-4.104999999999964189e+01
4.234999999999995879e+01
4.869999999999999574e+01
3.739999999999994174e+01
-1.051499999999997215e+02
-3.914999999999989200e+01
-2.485999999999976808e+03
5.355000000000001137e+01
-4.654999999999959925e+01
-1.349999999999845102e+00
5.420000000000000284e+01
3.935000000000001563e+01
-1.504999999999996163e+01
-2.349999999999866418e+00
-6.229999999999932214e+01
5.655000000000000426e+01
-5.999999999999960210e+01
6.295000000000000995e+01
-2.070000000000005969e+01
8.090000000000000568e+01
4.649999999999996447e+01
-9.494999999999977547e+01
4.729999999999998295e+01
5.214999999999999858e+01
4.250000000000003553e+01
5.950000000000361666e+00
-1.674999999999997158e+01
5.259999999999998010e+01
5.535000000000002274e+01
6.755000000000001137e+01
6.964999999999997726e+01
6.509999999999998010e+01
3.485000000000000853e+01
7.720000000000001705e+01
4.639999999999997016e+01
5.675000000000001421e+01
2.270000000000002416e+01
5.795000000000001705e+01
5.049999999999995737e+01
4.520000000000003126e+01
4.800000000000023803e+00
5.555000000000001137e+01
6.335000000000000142e+01
-1.189999999999966462e+01
2.709999999999988063e+01
-6.499999999999538147e+00
1.429999999999999716e+01
1.170000000000013074e+01
5.504999999999994031e+01
1.350000000000012079e+01
6.259999999999999432e+01
-1.434999999999998010e+01
7.545000000000000284e+01
6.434999999999996589e+01
5.884999999999999432e+01
2.200000000000244427e+00
3.105000000000013927e+01
2.470000000000000639e+01
3.359999999999996589e+01
6.150000000000328981e+00
-5.199999999999995026e+01
3.390000000000002700e+01
6.400000000000002842e+01
3.270000000000005258e+01
4.314999999999999858e+01
4.909999999999998010e+01
2.255000000000000071e+01
-1.863499999999999659e+02
5.130000000000001847e+01
3.590000000000001279e+01
5.689999999999999858e+01
4.700000000000009948e+00
5.474999999999997158e+01
1.875000000000001776e+01
4.559999999999994458e+01
4.529999999999998295e+01
1.994999999999998153e+01
-1.656499999999999204e+02
6.649999999999997158e+01
7.030000000000001137e+01
3.685000000000003695e+01
7.394999999999998863e+01
6.005000000000000426e+01
6.984999999999999432e+01
8.355000000000001137e+01
7.150000000000000000e+01
5.995000000000002416e+01
5.335000000000002274e+01
-8.249999999999965894e+01
-2.732500000000003979e+02
-2.824999999999924682e+01
3.224999999999998579e+01
-6.174999999999941735e+01
3.195000000000001705e+01
6.875000000000001421e+01
-1.014999999999984936e+01
-1.749999999999985789e+00
2.425000000000004619e+01
4.544999999999993889e+01
7.419999999999998863e+01
3.365000000000001279e+01
-1.377500000000013927e+02
-6.234999999999980957e+01
4.834999999999996589e+01
-1.349999999999982236e+01
5.999999999999997868e+01
5.280000000000002558e+01
1.660000000000008313e+01
-2.491000000000000796e+02
6.000000000000000000e+01
3.730000000000005400e+01
-8.745000000000118234e+01
4.069999999999996732e+01
4.124999999999999289e+01
2.415000000000008029e+01
2.215000000000018332e+01
7.875000000000000000e+01
8.300000000000295586e+00
-1.125000000000003553e+01
4.095000000000002416e+01
3.145000000000000639e+01
5.485000000000001563e+01
8.450000000000020606e+00
3.824999999999998579e+01
5.995000000000001705e+01
4.309999999999998721e+01
5.334999999999997300e+01
3.019999999999999574e+01
4.780000000000001137e+01
7.025000000000000000e+01
-2.584999999999996589e+01
6.994999999999998863e+01
-3.055500000000018872e+02
2.284999999999997300e+01
4.594999999999993179e+01
3.255000000000001847e+01
6.114999999999999858e+01
6.584999999999999432e+01
6.915000000000000568e+01
4.874999999999997868e+01
-1.080499999999998408e+02
5.264999999999999858e+01
5.800000000000000711e+01
5.980000000000000426e+01
2.320000000000002416e+01
4.869999999999999574e+01
3.355000000000003979e+01
5.484999999999999432e+01
7.925000000000000000e+01
6.719999999999997442e+01
-1.295000000000000639e+01
5.455000000000001137e+01
7.525000000000000000e+01
3.084999999999999787e+01
-2.119000000000004036e+02
6.475000000000000000e+01
6.519999999999998863e+01
5.169999999999997442e+01
8.025000000000004263e+01
4.830000000000001847e+01
2.109999999999995879e+01
4.095000000000001705e+01
6.334999999999998010e+01
4.824999999999995026e+01
1.900000000000147793e+00
3.554999999999999005e+01
-2.489999999999941593e+01
3.885000000000001563e+01
8.300000000000000711e+00
3.889999999999999147e+01
1.425000000000005862e+01
6.565000000000000568e+01
-4.234999999999964615e+01
7.209999999999999432e+01
3.500000000000004263e+01
1.984999999999999432e+01
-9.049999999999975842e+00
6.700000000000187583e+00
5.064999999999997016e+01
6.229999999999998295e+01
-1.409999999999974563e+01
5.529999999999999716e+01
3.989999999999999147e+01
5.765000000000001279e+01
5.629999999999996163e+01
4.819999999999993889e+01
1.399999999999999645e+01
5.694999999999998863e+01
-1.649999999999996447e+01
-2.799999999999855049e+00
-3.359999999999968168e+01
3.935000000000000853e+01
5.005000000000002558e+01
6.279999999999999005e+01
-4.499999999999673150e-01
5.019999999999998863e+01
1.960000000000005116e+01
1.550000000000210321e+00
3.105000000000000782e+01
-3.799999999999819522e+00
6.500000000000000000e+01
6.959999999999999432e+01
1.400000000000204636e+00
6.354999999999998295e+01
-1.071499999999998209e+02
-5.634999999999959641e+01
5.439999999999999147e+01
-3.214999999999967883e+01
6.395000000000000995e+01
5.775000000000000000e+01
-3.284999999999957510e+01
7.155000000000002558e+01
5.964999999999999858e+01
4.694999999999999574e+01
3.645000000000014495e+01
-1.409999999999975984e+01
4.954999999999999716e+01
1.380000000000007532e+01
5.035000000000008669e+01
5.254999999999999716e+01
1.410000000000020570e+01
4.360000000000000142e+01
5.975000000000000711e+01
1.675000000000002842e+01
3.424999999999997158e+01
7.065000000000000568e+01
-1.224999999999993605e+01
6.245000000000003126e+01
3.470000000000005969e+01
8.950000000000002842e+01
6.100000000000000711e+01
5.474999999999995737e+01
3.100000000000001421e+00
4.154999999999996163e+01
7.484999999999999432e+01
5.875000000000000711e+01
-2.289999999999979963e+01
4.660000000000000853e+01
-1.739999999999974989e+01
-5.645000000000051443e+01
5.275000000000000000e+01
-2.673999999999999204e+02
4.629999999999996874e+01
-6.659999999999993747e+01
4.159999999999997300e+01
-9.019999999999939178e+01
-4.009500000000020350e+02
3.334999999999998721e+01
7.235000000000002274e+01
-2.294999999999961915e+01
4.829999999999996163e+01
4.835000000000000853e+01
5.810000000000000142e+01
2.689999999999999858e+01
-4.074999999999933209e+01
6.800000000000133937e+00
5.869999999999998863e+01
1.715000000000012292e+01
4.464999999999999147e+01
6.284999999999997300e+01
8.599999999999990763e+00
2.755000000000010374e+01
8.305000000000003979e+01
-3.194999999999965468e+01
6.279999999999997584e+01
6.825000000000000000e+01
6.519999999999998863e+01
7.219999999999996021e+01
6.465000000000000568e+01
3.450000000000194689e+00
5.644999999999997442e+01
8.200000000000000000e+01
7.525000000000000000e+01
-1.348500000000007617e+02
4.520000000000000284e+01
-4.935000000000003695e+01
6.499999999999998579e+01
6.144999999999998153e+01
5.694999999999999574e+01
3.860000000000000853e+01
2.995000000000005258e+01
6.009999999999999432e+01
1.295000000000005436e+01
-4.399999999999973710e+01
2.420000000000002416e+01
-3.003500000000003638e+02
1.740000000000012292e+01
8.295000000000001705e+01
4.444999999999997442e+01
6.504999999999998295e+01
6.340000000000004121e+01
3.014999999999998792e+01
6.660000000000002274e+01
-5.664500000000030013e+02
-1.105000000000001137e+01
5.274999999999997158e+01
1.425000000000016165e+01
1.450000000000287059e+00
4.619999999999990337e+01
6.410000000000002274e+01
5.014999999999996305e+01
3.355000000000018190e+01
2.650000000000140687e+00
6.359999999999998010e+01
-7.749999999999658939e+00
4.494999999999993889e+01
4.009999999999999432e+01
5.104999999999999716e+01
7.109999999999999432e+01
7.355000000000001137e+01
7.050000000000000000e+01
-1.251499999999998920e+02
6.164999999999999147e+01
5.704999999999998295e+01
2.705000000000007887e+01
5.055000000000001847e+01
-5.974999999999990052e+01
4.709999999999993747e+01
2.135000000000021814e+01
5.624999999999997868e+01
4.354999999999999005e+01
4.464999999999999147e+01
6.559999999999999432e+01
6.814999999999999147e+01
4.819999999999999574e+01
3.344999999999997442e+01
6.600000000000000000e+01
9.370000000000004547e+01
8.249999999999976907e+00
6.884999999999998010e+01
4.434999999999993037e+01
6.375000000000001421e+01
-2.499999999999976552e+01
-1.578499999999998238e+02
-2.699999999999775468e+00
6.734999999999999432e+01
2.794999999999997442e+01
-3.500000000000071054e+00
-1.313999999999993804e+02
2.935000000000006892e+01
-4.739999999999923830e+01
1.740000000000001990e+01
4.935000000000001563e+01
7.005000000000001137e+01
6.559999999999999432e+01
6.975000000000000000e+01
6.670000000000001705e+01
6.390000000000000568e+01
4.865000000000000568e+01
-8.304999999999965610e+01
-3.562000000000010687e+02
-1.604999999999998295e+01
5.374999999999997868e+01
5.380000000000000426e+01
4.039999999999993463e+01
3.984999999999997300e+01
4.624999999999997868e+01
6.054999999999999005e+01
-2.049999999999883471e+00
1.845000000000011653e+01
6.990000000000000568e+01
3.040000000000006963e+01
5.894999999999999574e+01
2.519999999999996732e+01
1.290000000000031299e+01
4.959999999999997300e+01
-1.669999999999946994e+01
-3.615500000000020009e+02
4.594999999999998863e+01
-5.094999999999994600e+01
4.950000000000002132e+01
5.884999999999998721e+01
6.419999999999998863e+01
7.720000000000000284e+01
4.419999999999992468e+01
4.750000000000000711e+01
7.400000000000069633e+00
-2.699999999999963052e+01
6.650000000000000000e+01
5.400000000000062528e+00
2.765000000000026148e+01
-1.144999999999955520e+01
3.375000000000000000e+01
4.060000000000013642e+01
8.464999999999999147e+01
5.544999999999999574e+01
5.339999999999999858e+01
2.219999999999996021e+01
5.455000000000001137e+01
-4.254999999999967741e+01
3.669999999999998153e+01
4.630000000000000426e+01
3.525000000000000000e+01
1.045000000000029416e+01
3.690000000000001990e+01
7.359999999999999432e+01
4.804999999999999716e+01
4.690000000000001279e+01
4.339999999999996305e+01
5.804999999999999716e+01
3.640000000000004832e+01
2.300000000000103739e+00
-9.950000000000031264e+00
6.879999999999999716e+01
-6.884500000000016371e+02
-1.278000000000005798e+02
-3.564999999999993463e+01
5.274999999999997868e+01
4.549999999999995737e+01
4.950000000000001421e+01
4.334999999999999432e+01
4.224999999999997158e+01
7.904999999999998295e+01
1.885000000000005116e+01
5.234999999999995168e+01
2.769999999999999929e+01
6.404999999999998295e+01
5.700000000000000711e+01
2.524999999999995026e+01
6.500000000000000000e+01
4.905000000000000426e+01
5.535000000000000853e+01
2.875000000000001421e+01
-6.939999999999970726e+01
-3.159999999999988063e+01
-3.814999999999961489e+01
4.579999999999998295e+01
1.165000000000005898e+01
-5.239999999999969305e+01
4.515000000000001279e+01
5.919999999999998863e+01
5.364999999999999147e+01
2.539999999999999147e+01
2.590000000000001279e+01
-1.047999999999999545e+02
5.140000000000006963e+01
-1.701499999999996646e+02
4.649999999999997158e+01
5.219999999999994600e+01
1.405000000000005222e+01
5.419999999999998863e+01
-4.314999999999951541e+01
2.900000000000013500e+01
5.109999999999999432e+01
-2.788999999999993520e+02
2.564999999999997726e+01
5.919999999999999574e+01
4.920000000000002416e+01
9.550000000000187228e+00
6.750000000000262901e+00
4.289999999999996305e+01
-4.136500000000017963e+02
5.980000000000001137e+01
3.784999999999999432e+01
5.219999999999999574e+01
-1.804999999999984084e+01
-2.763000000000014893e+02
5.709999999999999432e+01
1.150000000000169109e+00
5.944999999999998863e+01
6.160000000000001563e+01
6.925000000000000000e+01
8.335000000000002274e+01
1.449999999999997691e+01
7.510000000000002274e+01
6.350000000000000711e+01
-1.597000000000008697e+02
-8.439999999999989200e+01
2.809999999999995168e+01
6.409999999999999432e+01
3.365000000000000568e+01
4.825000000000000000e+01
3.989999999999999147e+01
-7.634999999999959641e+01
2.815000000000000213e+01
2.049999999999961631e+00
-1.534999999999999432e+01
-5.899999999999771205e+00
-8.439999999999982094e+01
4.169999999999999574e+01
-2.221500000000001762e+02
7.639999999999999147e+01
2.794999999999999574e+01
6.999999999999997158e+01
6.809999999999999432e+01
6.580000000000001137e+01
6.909999999999999432e+01
1.724999999999997868e+01
-1.309500000000002160e+02
6.895000000000000284e+01
4.744999999999996732e+01
8.440000000000000568e+01
7.920000000000003126e+01
-1.062499999999993179e+02
3.695000000000000284e+01
7.535000000000002274e+01
8.030000000000001137e+01
6.954999999999998295e+01
4.000000000000033751e+00
6.520000000000001705e+01
3.840000000000002700e+01
7.305000000000001137e+01
-3.889999999999931646e+01
-2.598999999999997499e+02
3.530000000000008242e+01
5.494999999999999574e+01
7.159999999999999432e+01
2.120000000000016627e+01
6.385000000000000853e+01
6.089999999999999858e+01
4.249999999999997158e+01
7.379999999999999716e+01
7.425000000000000000e+01
4.399999999999994316e+01
7.240000000000000568e+01
-4.084999999999971010e+01
1.015000000000033609e+01
6.459999999999996589e+01
2.669999999999999218e+01
-2.749999999999943157e+00
6.349999999999944578e+00
3.005000000000005045e+01
3.754999999999999716e+01
5.669999999999998153e+01
5.285000000000002274e+01
-4.269999999999995310e+01
5.299999999999997868e+01
3.280000000000003268e+01
5.700000000000407852e+00
2.280000000000011795e+01
2.959999999999997300e+01
5.475000000000000000e+01
4.070000000000000995e+01
-6.424999999999982947e+01
-1.139999999999955804e+01
5.819999999999998863e+01
6.340000000000001990e+01
7.979999999999999716e+01
-2.079999999999990479e+01
7.434999999999999432e+01
1.529999999999992610e+01
6.269999999999998863e+01
8.000000000000282441e+00
5.800000000000000000e+01
5.570000000000000995e+01
-1.226499999999998352e+02
6.449999999999998579e+01
-3.909999999999921982e+01
5.104999999999991189e+01
-3.849999999999823785e+00
4.000000000000211386e+00
-1.309999999999956799e+01
6.354999999999998295e+01
7.580000000000001137e+01
3.769999999999998153e+01
-2.139999999999997726e+02
