4.489999999999998437e+01
-1.474999999999993605e+01
4.644999999999997442e+01
2.545000000000001350e+01
-1.270000000000007390e+01
6.415000000000000568e+01
8.020000000000000284e+01
6.244999999999998863e+01
5.924999999999997868e+01
6.765000000000000568e+01
-1.355999999999998522e+02
6.909999999999998010e+01
3.335000000000022879e+01
6.360000000000000853e+01
4.534999999999999432e+01
-2.224999999999997158e+01
5.094999999999997442e+01
6.409999999999999432e+01
5.300000000000000000e+01
3.055000000000003979e+01
4.834999999999998010e+01
4.304999999999999005e+01
6.430000000000001137e+01
3.939999999999992752e+01
4.479999999999999005e+01
1.440000000000004476e+01
4.350000000000002132e+01
5.944999999999998863e+01
9.050000000000036238e+00
5.359999999999995879e+01
-1.122499999999999432e+02
5.860000000000000142e+01
8.709999999999998010e+01
-5.949999999999775468e+00
4.779999999999995453e+01
5.979999999999998295e+01
5.845000000000001705e+01
1.064999999999998259e+01
6.104999999999999005e+01
6.100000000000001421e+01
1.570000000000010587e+01
4.970000000000000284e+01
-4.949999999999995737e+00
3.949999999999977973e+00
4.145000000000016627e+01
6.920000000000001705e+01
3.420000000000000995e+01
2.080000000000005755e+01
-3.563949999999957981e+03
6.399999999999998579e+01
6.730000000000001137e+01
6.040000000000001279e+01
-1.198999999999996362e+02
-5.150000000000021672e+00
-1.646999999999999034e+02
6.949999999999997158e+01
6.944999999999998863e+01
-1.229999999999996874e+01
6.244999999999996732e+01
5.190000000000003411e+01
-6.199999999999995737e+01
6.670000000000001705e+01
3.635000000000000853e+01
1.280000000000020854e+01
6.090000000000001990e+01
4.384999999999998721e+01
7.454999999999998295e+01
3.874999999999997158e+01
9.600000000000068923e+00
6.845000000000000284e+01
7.860000000000002274e+01
7.519999999999998863e+01
4.939999999999997726e+01
5.270000000000000284e+01
4.785000000000002984e+01
2.680000000000004690e+01
5.579999999999999716e+01
6.889999999999996305e+01
6.984999999999999432e+01
5.929999999999996874e+01
6.689999999999999147e+01
4.984999999999998010e+01
5.364999999999999147e+01
6.875000000000001421e+01
-1.029999999999959925e+01
6.085000000000001563e+01
8.350000000000179057e+00
4.355000000000002558e+01
4.710000000000000142e+01
3.700000000000001421e+01
7.790000000000001990e+01
8.000000000000000000e+01
5.994999999999998863e+01
1.420000000000021956e+01
6.014999999999999858e+01
-6.349999999999788258e+00
3.700000000000351008e+00
-3.434999999999980247e+01
1.800000000000000000e+01
4.994999999999999574e+01
5.689999999999998437e+01
2.870000000000000284e+01
3.649999999999998579e+01
6.900000000000000000e+01
7.370000000000000284e+01
3.679999999999999716e+01
6.764999999999999147e+01
-7.064999999999965041e+01
-1.244999999999967599e+01
-4.728000000000027399e+02
7.459999999999998010e+01
5.204999999999997584e+01
3.184999999999996945e+01
7.050000000000000000e+01
4.324999999999997158e+01
-2.020000000000002416e+01
4.219999999999993889e+01
-3.499999999999998579e+01
4.734999999999999432e+01
5.574999999999998579e+01
7.204999999999998295e+01
4.939999999999999858e+01
7.799999999999998579e+01
4.884999999999996589e+01
6.414999999999996305e+01
5.005000000000001137e+01
3.739999999999998437e+01
4.964999999999997016e+01
2.379999999999996874e+01
-2.104999999999965610e+01
3.614999999999999858e+01
6.239999999999996305e+01
7.434999999999999432e+01
3.460000000000012932e+01
3.970000000000003126e+01
-9.569999999999976126e+01
6.420000000000000284e+01
6.379999999999999005e+01
6.280000000000000426e+01
-3.502000000000004434e+02
6.434999999999996589e+01
5.294999999999997442e+01
7.409999999999999432e+01
2.780000000000005045e+01
5.675000000000000000e+01
5.319999999999998153e+01
-2.949999999999604938e+00
-3.679999999999970584e+01
-1.434999999999997726e+02
-4.869999999999932072e+01
1.854999999999998295e+01
6.790000000000000568e+01
3.974999999999997158e+01
2.240000000000006963e+01
5.660000000000000853e+01
1.560000000000005826e+01
4.374999999999999289e+01
3.899999999999998579e+01
6.339999999999999858e+01
-2.581000000000001364e+02
2.280000000000001847e+01
4.854999999999999716e+01
5.900000000000050093e+00
7.495000000000001705e+01
3.965000000000000568e+01
5.914999999999998437e+01
4.770000000000008100e+01
-5.054999999999982663e+01
5.054999999999997584e+01
3.430000000000001847e+01
6.480000000000001137e+01
-6.959999999999925535e+01
3.669999999999996732e+01
5.099999999999999289e+01
5.925000000000001421e+01
7.775000000000001421e+01
-5.091000000000014438e+02
5.964999999999999147e+01
6.140000000000001279e+01
5.109999999999998010e+01
4.500000000000000711e+01
5.089999999999998437e+01
5.079999999999998295e+01
5.910000000000000853e+01
5.380000000000000426e+01
2.100000000000010658e+01
4.359999999999998721e+01
3.194999999999999218e+01
1.320000000000014495e+01
-4.824999999999943157e+01
6.095000000000000284e+01
7.394999999999998863e+01
6.354999999999998295e+01
-5.195000000000003126e+01
9.650000000000053646e+00
-4.210000000000000853e+01
3.234999999999995879e+01
5.925000000000000000e+01
4.880000000000001137e+01
4.274999999999995026e+01
-1.336500000000001762e+02
4.829999999999995453e+01
-4.999999999999715783e-01
-4.629999999999979821e+01
-3.059999999999988063e+01
-8.499999999999019451e-01
-7.150000000000027001e+00
5.609999999999999432e+01
6.790000000000000568e+01
5.524999999999997158e+01
4.289999999999989910e+01
4.950000000000000711e+01
3.544999999999998863e+01
5.469999999999998153e+01
3.920000000000002416e+01
3.915000000000000568e+01
5.000000000000000000e+01
-3.999999999999943867e+01
6.459999999999999432e+01
1.770000000000005969e+01
-2.075499999999999829e+02
3.294999999999997442e+01
4.770000000000008811e+01
3.875000000000013500e+01
4.590000000000000568e+01
2.259999999999998721e+01
4.695000000000010232e+01
6.630000000000001137e+01
5.810000000000000853e+01
6.380000000000001137e+01
5.320000000000000995e+01
3.889999999999998437e+01
6.265000000000002700e+01
4.224999999999997868e+01
3.630000000000007532e+01
3.379999999999999716e+01
3.684999999999996589e+01
2.504999999999998650e+01
5.224999999999999289e+01
5.729999999999999716e+01
5.700000000000020606e+00
2.595000000000000995e+01
2.400000000000002132e+01
5.860000000000000142e+01
6.964999999999999147e+01
4.484999999999994458e+01
4.535000000000002984e+01
-7.724999999999998579e+01
5.960000000000000853e+01
6.535000000000000853e+01
-1.172000000000000455e+02
-1.809999999999998721e+01
5.874999999999998579e+01
-1.349999999999983658e+01
5.505000000000000426e+01
7.409999999999999432e+01
3.970000000000001705e+01
5.420000000000004547e+01
4.625000000000005684e+01
8.200000000000390088e+00
5.054999999999999716e+01
7.050000000000309797e+00
-6.650000000000012790e+00
2.105000000000011440e+01
4.165000000000001279e+01
5.430000000000002558e+01
-1.836499999999999773e+02
5.344999999999997442e+01
7.010000000000002274e+01
8.434999999999999432e+01
4.599999999999898392e+00
3.825000000000001421e+01
6.794999999999998863e+01
3.849999999999998579e+01
7.395000000000000284e+01
3.650000000000000711e+01
3.910000000000000142e+01
4.864999999999997016e+01
1.374999999999999289e+01
6.800000000000105516e+00
6.445000000000001705e+01
-8.919999999999981810e+01
4.719999999999994600e+01
4.965000000000001279e+01
-5.249999999999984368e+01
4.509999999999997300e+01
5.695000000000000284e+01
4.980000000000000426e+01
4.589999999999999858e+01
5.860000000000000142e+01
5.454999999999999716e+01
1.884999999999999432e+01
4.150000000000000000e+01
-3.654999999999969162e+01
6.190000000000001279e+01
6.240000000000000568e+01
-4.011000000000007617e+02
8.470000000000003126e+01
-1.004999999999991189e+01
6.624999999999994316e+01
1.805000000000003624e+01
4.150000000000217071e+00
-2.094999999999997442e+01
5.644999999999999574e+01
5.089999999999999147e+01
5.939999999999999147e+01
9.139999999999999147e+01
5.195000000000000284e+01
8.409999999999996589e+01
1.645000000000000284e+01
4.224999999999995737e+01
-1.089999999999984226e+01
5.089999999999998437e+01
5.344999999999997442e+01
1.355000000000021565e+01
5.854999999999999716e+01
-2.859999999999992326e+01
4.854999999999999716e+01
4.550000000000245848e+00
3.174999999999996447e+01
1.895000000000002771e+01
4.279999999999997584e+01
3.500000000002714273e-01
4.035000000000002984e+01
5.854999999999998295e+01
5.134999999999995879e+01
5.075000000000000000e+01
3.129999999999997584e+01
-2.969999999999967599e+01
6.275000000000001421e+01
-6.749999999999928946e+00
-1.153999999999998067e+02
8.559999999999998010e+01
4.079999999999998295e+01
1.695000000000012363e+01
-2.319999999999946283e+01
-3.509999999999990195e+01
-5.969999999999969020e+01
5.455000000000000426e+01
3.814999999999998437e+01
-2.207299999999982447e+03
4.284999999999998721e+01
5.929999999999999005e+01
6.925000000000002842e+01
1.185000000000020748e+01
1.200000000000066791e+00
-1.352499999999998010e+02
7.505000000000001137e+01
5.434999999999999432e+01
2.190000000000009805e+01
4.395000000000000284e+01
-3.984999999999948272e+01
5.149999999999994316e+01
7.924999999999997158e+01
-1.217000000000011255e+02
6.434999999999998010e+01
5.050000000000002132e+01
7.959999999999998010e+01
5.169999999999998153e+01
4.909999999999998010e+01
5.149999999999996447e+01
5.205000000000000426e+01
6.844999999999996021e+01
7.884999999999999432e+01
6.230000000000000426e+01
7.295000000000001705e+01
4.624999999999998579e+01
7.715000000000003411e+01
-2.399999999999970157e+00
1.804999999999999716e+01
4.314999999999998437e+01
4.845000000000002416e+01
1.064999999999996128e+01
6.839999999999994884e+01
-4.549999999999762679e+00
6.399999999999997868e+01
4.940000000000009805e+01
-2.746499999999999204e+02
-1.174999999999967315e+01
6.280000000000001137e+01
4.154999999999998295e+01
6.459999999999999432e+01
5.450000000000000000e+01
3.864999999999999147e+01
7.034999999999999432e+01
6.889999999999997726e+01
5.860000000000000142e+01
4.454999999999996163e+01
5.419999999999998863e+01
2.340000000000005187e+01
5.244999999999996021e+01
5.560000000000002274e+01
4.399999999999998579e+01
3.360000000000007958e+01
-3.909999999999983800e+01
2.399999999999995026e+01
6.434999999999999432e+01
7.070000000000001705e+01
4.760000000000001563e+01
4.089999999999994174e+01
4.100000000000004974e+01
-1.154499999999995339e+02
6.234999999999999432e+01
5.475000000000001421e+01
6.550000000000055778e+00
3.185000000000012577e+01
5.384999999999998721e+01
1.375000000000019895e+01
-2.519500000000026887e+02
-4.124999999999953104e+01
7.445000000000000284e+01
1.635000000000020748e+01
-1.112499999999997442e+02
1.535000000000006537e+01
5.960000000000000853e+01
6.530000000000001137e+01
5.940000000000000568e+01
4.759999999999998721e+01
1.830000000000006466e+01
6.430000000000001137e+01
6.070000000000001705e+01
4.865000000000000568e+01
2.080000000000019611e+01
4.900000000000001421e+01
5.784999999999999432e+01
4.379999999999997584e+01
5.104999999999994031e+01
5.360000000000000142e+01
2.054999999999997584e+01
6.434999999999999432e+01
7.434999999999999432e+01
5.949999999999997158e+01
4.009999999999995168e+01
7.860000000000002274e+01
5.425000000000000711e+01
2.289999999999999147e+01
2.530000000000007176e+01
5.885000000000000853e+01
2.324999999999995026e+01
5.965000000000000568e+01
-9.849999999999795364e+00
3.254999999999998295e+01
6.175000000000000711e+01
6.060000000000007958e+01
6.825000000000000000e+01
-1.883499999999998806e+02
3.469999999999999574e+01
3.790000000000001279e+01
-2.519999999999973994e+01
4.060000000000000853e+01
4.699999999999998579e+01
3.135000000000001563e+01
1.204999999999999361e+01
7.300000000000125056e+00
4.610000000000000853e+01
-9.505500000000077989e+02
6.864999999999997726e+01
-2.158300000000017917e+03
-3.504999999999956373e+01
5.204999999999999005e+01
2.840000000000008384e+01
7.985000000000000853e+01
3.490000000000003411e+01
6.745000000000001705e+01
7.455000000000001137e+01
9.599999999999937472e+00
5.479999999999997584e+01
1.810000000000005826e+01
6.214999999999998437e+01
5.465000000000004121e+01
6.469999999999998863e+01
5.030000000000001847e+01
2.755000000000002558e+01
5.924999999999997158e+01
6.555000000000001137e+01
-3.364999999999943014e+01
4.699999999999997868e+01
2.784999999999993037e+01
-6.784999999999996589e+01
6.384999999999997300e+01
3.169999999999997797e+01
-2.750000000000028422e+00
-1.159999999999984510e+01
6.860000000000000853e+01
-1.369499999999998181e+02
6.359999999999999432e+01
-5.444999999999953388e+01
3.939999999999994884e+01
7.700000000000000000e+01
-1.099999999999981526e+01
3.864999999999997726e+01
5.419999999999999574e+01
9.654999999999998295e+01
3.720000000000000995e+01
3.945000000000000995e+01
8.444999999999997442e+01
5.960000000000000142e+01
7.074999999999998579e+01
3.195000000000005969e+01
2.614999999999997016e+01
2.685000000000009379e+01
2.610000000000023590e+01
5.619999999999994600e+01
2.145000000000000284e+01
5.674999999999997158e+01
8.925000000000002842e+01
-1.639999999999991331e+01
6.900000000000000000e+01
7.419999999999998863e+01
2.880000000000001847e+01
5.249999999999998579e+01
-2.104999999999998295e+02
-4.109999999999925535e+01
-1.089999999999978542e+01
1.125000000000004263e+01
4.349999999999995737e+01
6.554999999999998295e+01
7.465000000000000568e+01
-2.544999999999969731e+01
-1.639999999999992752e+01
-5.300000000000005684e+01
6.419999999999998863e+01
7.365000000000000568e+01
1.164999999999999147e+01
5.945000000000001705e+01
3.464999999999997726e+01
5.184999999999997300e+01
4.645000000000006679e+01
7.484999999999999432e+01
4.150000000000001421e+01
6.794999999999998863e+01
8.820000000000000284e+01
-2.834999999999973141e+01
2.390000000000009450e+01
7.350000000000086686e+00
3.780000000000006111e+01
7.389999999999994884e+01
-6.197999999999989313e+02
4.585000000000000853e+01
-5.999999999999232614e-01
2.500000000000014211e+00
7.169999999999998863e+01
-4.894999999999981810e+01
3.905000000000004690e+01
4.974999999999996447e+01
2.814999999999998437e+01
4.480000000000001847e+01
5.975000000000002132e+01
5.965000000000001990e+01
2.979999999999998295e+01
5.395000000000002416e+01
8.130000000000002558e+01
3.424999999999992184e+01
1.085000000000004761e+01
5.590000000000000568e+01
7.070000000000001705e+01
6.945000000000000284e+01
4.415000000000002700e+01
1.579999999999999893e+01
5.764999999999998437e+01
1.725000000000016698e+01
6.059999999999994458e+01
5.700000000000000000e+01
5.289999999999999858e+01
-1.400499999999991871e+02
6.660000000000000853e+01
3.409999999999998010e+01
5.350000000000003553e+01
6.360000000000000853e+01
5.420000000000001705e+01
6.479999999999999716e+01
6.585000000000002274e+01
5.795000000000000284e+01
1.855000000000004334e+01
7.794999999999998863e+01
-3.395000000000003126e+01
-1.499499999999994770e+02
-5.449999999999754152e+00
8.235000000000000853e+01
-1.793849999999978763e+03
-7.739999999999957936e+01
2.220000000000004903e+01
5.500000000000008882e+00
4.279999999999998295e+01
-3.786099999999953980e+03
-4.549999999999965894e+01
4.445000000000001705e+01
6.949999999999997158e+01
6.864999999999997726e+01
3.775000000000000000e+01
5.414999999999997726e+01
5.700000000000001421e+01
5.665000000000001279e+01
6.020000000000000284e+01
5.445000000000000284e+01
3.984999999999998010e+01
2.760000000000025011e+01
4.039999999999998437e+01
3.094999999999999929e+01
3.999999999999999289e+01
1.274999999999992184e+01
-1.484999999999993747e+01
2.640000000000006963e+01
5.304999999999997584e+01
3.879999999999999716e+01
5.349999999999998579e+01
-1.509999999999991616e+01
3.169999999999995310e+01
5.750000000000002132e+01
5.914999999999999147e+01
5.799999999999999289e+01
4.439999999999998437e+01
-1.449999999999882050e+00
5.749999999999997868e+01
-6.904999999999998295e+01
5.214999999999995595e+01
-1.292500000000001705e+02
4.475000000000001421e+01
6.915000000000000568e+01
5.394999999999996021e+01
-2.715000000000018332e+01
4.224999999999996447e+01
5.590000000000001279e+01
3.360000000000000142e+01
-2.268500000000009607e+02
2.425000000000000000e+01
-1.849999999999994316e+00
-9.999999999975273113e-02
5.849999999999997868e+01
5.374999999999998579e+01
2.220000000000000284e+01
5.404999999999999005e+01
6.559999999999999432e+01
-8.849999999999909051e+00
4.430000000000003268e+01
-7.800000000000009948e+01
-1.454999999999966320e+01
5.345000000000000995e+01
4.500000000000314415e+00
6.890000000000000568e+01
-4.424999999999990052e+01
7.004999999999998295e+01
5.649999999999999289e+01
4.460000000000003695e+01
3.729999999999998295e+01
-4.360000000000017621e+02
4.645000000000000284e+01
5.585000000000000142e+01
8.084999999999999432e+01
2.155000000000028137e+01
6.540000000000001990e+01
4.399999999999999289e+01
3.430000000000000426e+01
2.770000000000005258e+01
3.304999999999998295e+01
7.694999999999998863e+01
6.999999999999998579e+01
-2.118000000000007219e+02
5.754999999999999716e+01
-8.549999999999755573e+00
3.679999999999995453e+01
5.479999999999995453e+01
4.999999999999997868e+01
5.954999999999998295e+01
6.444999999999998863e+01
4.864999999999996305e+01
2.644999999999998153e+01
7.704999999999998295e+01
5.315000000000000568e+01
2.850000000000058265e+00
-2.034999999999945430e+01
6.189999999999997016e+01
1.620000000000001705e+01
5.819999999999999574e+01
3.059999999999997300e+01
3.665000000000011227e+01
-1.234999999999985221e+01
7.100000000000000000e+01
3.200000000000000711e+01
6.119999999999998153e+01
-1.022999999999991587e+02
-4.659999999999959641e+01
3.730000000000001137e+01
4.109999999999999432e+01
6.099999999999995737e+01
2.784999999999995168e+01
6.299999999999997158e+01
5.775000000000000000e+01
6.214999999999999147e+01
-7.699999999999704414e+00
6.490000000000001990e+01
7.250000000000284217e+00
6.604999999999995453e+01
4.214999999999997016e+01
1.765000000000020108e+01
-3.950000000000017053e+00
-5.474999999999965894e+01
5.105000000000001137e+01
3.510000000000000853e+01
3.130000000000016058e+01
4.914999999999999858e+01
2.825000000000003197e+01
6.040000000000001279e+01
6.814999999999999147e+01
5.380000000000000426e+01
2.035000000000002984e+01
1.825000000000012079e+01
-3.049999999999855049e+00
-3.224999999999992895e+01
-4.494999999999886597e+01
7.389999999999999147e+01
6.314999999999995595e+01
-1.474999999999974420e+01
7.775000000000000000e+01
4.079999999999997584e+01
2.510000000000004050e+01
-3.084999999999999432e+01
4.439999999999999147e+01
5.204999999999999716e+01
6.280000000000000426e+01
6.415000000000000568e+01
5.734999999999995168e+01
5.314999999999996305e+01
-2.331500000000017110e+02
6.374999999999999289e+01
3.925000000000000000e+01
4.034999999999998721e+01
5.604999999999996163e+01
3.469999999999998863e+01
4.754999999999998295e+01
4.534999999999998721e+01
1.650000000000002132e+01
4.860000000000001563e+01
4.294999999999998153e+01
5.304999999999998295e+01
-5.219999999999961915e+01
6.155000000000002558e+01
1.814999999999998437e+01
2.979999999999996874e+01
-5.225000000000005684e+01
6.944999999999996021e+01
-5.865000000000017621e+01
-4.414999999999980673e+01
3.705000000000000426e+01
4.124999999999989342e+01
4.444999999999996732e+01
6.900000000000000000e+01
5.854999999999996163e+01
4.469999999999999574e+01
-1.224999999999987921e+01
-5.399999999999967315e+01
3.800000000000010658e+01
4.919999999999999574e+01
2.649999999999998579e+01
-2.944999999999988205e+01
6.484999999999996589e+01
-5.499999999999673150e+00
-3.199999999999979394e+01
5.374999999999997868e+01
3.265000000000001279e+01
5.675000000000000711e+01
-2.589999999999977121e+01
1.315000000000020819e+01
6.470000000000000284e+01
5.404999999999999716e+01
-1.924999999999953104e+01
5.740000000000004832e+01
-3.622549999999956981e+03
3.640000000000001990e+01
-5.189999999999946567e+01
-2.633499999999996817e+02
1.840000000000000568e+01
6.894999999999996021e+01
-1.193499999999999091e+02
3.024999999999992895e+01
4.659999999999995879e+01
6.039999999999999858e+01
-5.464999999999936620e+01
2.445000000000022666e+01
5.800000000000005684e+01
4.904999999999999716e+01
-2.399999999999965894e+01
-3.056000000000007617e+02
4.734999999999998721e+01
4.830000000000000426e+01
5.665000000000001990e+01
-3.849999999999873523e+00
-1.194999999999983231e+01
-4.324999999999930367e+01
2.780000000000002913e+01
-3.039999999999946567e+01
6.505000000000001137e+01
-4.029999999999902371e+01
3.195000000000003482e+01
-2.199999999999931788e+00
2.654999999999996163e+01
8.250000000000000000e+01
7.509999999999999432e+01
-6.099999999999913314e+01
7.140000000000000568e+01
-1.326499999999996078e+02
-1.539999999999991331e+01
-2.449999999999761258e+00
5.299999999999995026e+01
4.684999999999995879e+01
7.250000000000000000e+01
2.724999999999999289e+01
6.875000000000001421e+01
5.304999999999998295e+01
-1.334999999999995453e+02
7.444999999999998863e+01
5.529999999999999005e+01
4.280000000000003979e+01
5.774999999999995737e+01
2.905000000000011084e+01
3.730000000000012506e+01
6.659999999999999432e+01
1.105000000000023697e+01
-2.729999999999991189e+01
5.299999999999998579e+01
1.669999999999999218e+01
-1.619999999999996874e+02
-4.874999999999963052e+01
-9.909999999999953957e+01
4.545000000000005969e+01
6.474999999999998579e+01
6.289999999999997726e+01
1.545000000000026219e+01
4.309999999999995879e+01
5.904999999999999005e+01
5.500000000002103206e-01
3.695000000000006679e+01
3.284999999999998010e+01
6.045000000000000284e+01
7.030000000000001137e+01
4.479999999999996874e+01
5.149999999999992184e+01
3.624999999999997868e+01
3.969999999999998153e+01
4.409999999999995879e+01
5.480000000000000426e+01
6.314999999999996305e+01
2.945000000000006324e+01
-1.473500000000009322e+02
6.454999999999995453e+01
5.969999999999998863e+01
5.395000000000000284e+01
6.890000000000000568e+01
-7.549999999999847944e+00
2.315000000000010516e+01
7.994999999999998863e+01
-4.299999999999883471e+00
2.530000000000014992e+01
-8.585000000000003695e+01
-1.092000000000001876e+02
1.310000000000018794e+01
7.920000000000001705e+01
-7.085000000000054854e+01
2.695000000000003837e+01
7.209999999999999432e+01
7.490000000000000568e+01
-1.229999999999972005e+01
4.404999999999999005e+01
-4.899999999999926104e+01
-3.250000000000014211e+00
4.250000000000175859e+00
1.955000000000010729e+01
8.395000000000001705e+01
6.179999999999996874e+01
4.674999999999999289e+01
7.364999999999999147e+01
8.900000000000455103e+00
6.484999999999996589e+01
5.490000000000003411e+01
4.600000000000000000e+01
5.835000000000001563e+01
4.655000000000001137e+01
5.285000000000000853e+01
3.084999999999996589e+01
3.304999999999999716e+01
-1.805000000000003268e+01
4.184999999999997300e+01
5.844999999999999574e+01
-4.199999999999697309e+00
-1.321499999999998067e+02
3.484999999999996589e+01
5.450000000000002842e+01
5.204999999999999716e+01
6.950000000000162714e+00
4.704999999999998295e+01
3.705000000000001137e+01
6.809999999999999432e+01
4.774999999999994316e+01
3.900000000000001421e+01
-1.143500000000002217e+02
-2.850000000000008527e+00
4.825000000000007105e+01
5.999999999999992184e+01
-1.036500000000005315e+02
-1.634999999999983089e+01
5.760000000000000853e+01
-2.477500000000035243e+02
-5.084999999999993747e+01
5.900000000000000000e+01
6.650000000000272138e+00
2.105000000000008953e+01
-1.949999999999626255e+00
3.100000000000004263e+01
-8.099999999999852207e+00
6.444999999999998863e+01
-2.223000000000003809e+02
4.769999999999999574e+01
8.909999999999999432e+01
5.869999999999999574e+01
-2.699999999999938183e+01
4.459999999999998010e+01
4.160000000000002274e+01
1.804999999999998295e+01
4.500000000000309086e+00
7.484999999999999432e+01
7.275000000000002842e+01
5.850000000000000711e+01
-9.754999999999930083e+01
7.395000000000001705e+01
-7.149999999999728573e+00
6.239999999999999858e+01
2.625000000000000000e+01
-1.769999999999983942e+01
-5.430000000000005400e+01
-1.050000000000046896e+00
-8.229999999999957083e+01
-2.364999999999958646e+01
1.525000000000011369e+01
2.110000000000006892e+01
3.459999999999999432e+01
-8.051000000000012733e+02
6.304999999999999005e+01
3.514999999999999147e+01
7.860000000000000853e+01
6.975000000000000000e+01
4.285000000000001563e+01
5.269999999999996021e+01
3.550000000000000000e+01
1.000000000004703793e-01
1.695000000000000284e+01
8.550000000000000000e+01
5.709999999999995168e+01
2.309999999999997300e+01
3.395000000000004547e+01
-3.684999999999941167e+01
3.510000000000001563e+01
5.964999999999999147e+01
-7.992500000000015916e+02
4.834999999999998721e+01
1.484999999999998543e+01
1.955000000000002558e+01
3.400000000000001421e+01
-5.634999999999979536e+01
3.425000000000000000e+01
-3.308000000000018304e+02
2.755000000000001137e+01
-1.650000000000005684e+00
1.050000000000032685e+00
6.389999999999997726e+01
2.279999999999995453e+01
-1.848500000000000227e+02
5.269999999999993889e+01
4.180000000000006111e+01
6.839999999999997726e+01
4.980000000000000426e+01
-1.974500000000012108e+02
6.099999999999995026e+01
6.455000000000001137e+01
6.704999999999999716e+01
1.290000000000015490e+01
2.325000000000008882e+01
3.954999999999998295e+01
7.489999999999997726e+01
8.464999999999996305e+01
7.765000000000000568e+01
7.950000000000109424e+00
-4.459999999999941167e+01
-2.164999999999975699e+01
4.290000000000003411e+01
-8.619999999999961915e+01
5.224999999999997158e+01
1.235000000000042597e+01
6.800000000000000000e+01
-1.181000000000002785e+02
7.389999999999999147e+01
2.950000000000002842e+01
1.410000000000014353e+01
-4.499999999998820499e-01
4.274999999999997868e+01
5.909999999999998010e+01
1.505000000000014460e+01
6.360000000000000853e+01
4.250000000000056843e+00
8.464999999999999147e+01
-4.279999999999979821e+01
