5.110000000000000000e+02
1.920000000000000000e+02
2.380000000000000000e+02
7.120000000000000000e+02
2.290000000000000000e+02
2.200000000000000000e+02
2.610000000000000000e+02
4.760000000000000000e+02
2.550000000000000000e+02
2.050000000000000000e+02
6.720000000000000000e+02
4.410000000000000000e+02
2.530000000000000000e+02
2.200000000000000000e+02
2.200000000000000000e+02
3.230000000000000000e+02
4.400000000000000000e+02
4.960000000000000000e+02
4.550000000000000000e+02
3.330000000000000000e+02
2.730000000000000000e+02
2.790000000000000000e+02
6.140000000000000000e+02
2.560000000000000000e+02
3.070000000000000000e+02
4.470000000000000000e+02
2.400000000000000000e+02
2.610000000000000000e+02
2.390000000000000000e+02
6.230000000000000000e+02
2.740000000000000000e+02
1.000000000000000000e+03
2.620000000000000000e+02
5.720000000000000000e+02
2.700000000000000000e+02
2.160000000000000000e+02
4.430000000000000000e+02
2.150000000000000000e+02
2.290000000000000000e+02
5.700000000000000000e+02
2.060000000000000000e+02
2.500000000000000000e+02
2.200000000000000000e+02
2.060000000000000000e+02
2.150000000000000000e+02
4.510000000000000000e+02
2.860000000000000000e+02
2.670000000000000000e+02
2.620000000000000000e+02
2.670000000000000000e+02
5.420000000000000000e+02
5.640000000000000000e+02
2.520000000000000000e+02
4.900000000000000000e+02
2.450000000000000000e+02
1.000000000000000000e+03
2.260000000000000000e+02
6.390000000000000000e+02
2.680000000000000000e+02
3.370000000000000000e+02
2.480000000000000000e+02
2.920000000000000000e+02
2.260000000000000000e+02
1.000000000000000000e+03
2.300000000000000000e+02
3.950000000000000000e+02
1.000000000000000000e+03
2.740000000000000000e+02
1.000000000000000000e+03
2.560000000000000000e+02
6.410000000000000000e+02
2.580000000000000000e+02
4.890000000000000000e+02
4.680000000000000000e+02
3.010000000000000000e+02
5.170000000000000000e+02
2.560000000000000000e+02
2.300000000000000000e+02
3.640000000000000000e+02
3.520000000000000000e+02
2.020000000000000000e+02
2.570000000000000000e+02
2.520000000000000000e+02
2.290000000000000000e+02
2.180000000000000000e+02
3.090000000000000000e+02
4.370000000000000000e+02
3.050000000000000000e+02
4.280000000000000000e+02
2.540000000000000000e+02
2.420000000000000000e+02
2.190000000000000000e+02
3.490000000000000000e+02
2.370000000000000000e+02
6.330000000000000000e+02
2.660000000000000000e+02
2.110000000000000000e+02
2.110000000000000000e+02
9.190000000000000000e+02
4.870000000000000000e+02
2.380000000000000000e+02
2.650000000000000000e+02
1.000000000000000000e+03
1.000000000000000000e+03
2.180000000000000000e+02
1.000000000000000000e+03
4.650000000000000000e+02
4.770000000000000000e+02
6.070000000000000000e+02
1.000000000000000000e+03
2.800000000000000000e+02
2.060000000000000000e+02
4.310000000000000000e+02
2.480000000000000000e+02
3.010000000000000000e+02
2.290000000000000000e+02
2.600000000000000000e+02
2.370000000000000000e+02
5.330000000000000000e+02
2.150000000000000000e+02
2.110000000000000000e+02
2.520000000000000000e+02
2.630000000000000000e+02
2.720000000000000000e+02
2.150000000000000000e+02
2.230000000000000000e+02
2.260000000000000000e+02
6.820000000000000000e+02
5.060000000000000000e+02
2.470000000000000000e+02
2.700000000000000000e+02
2.080000000000000000e+02
2.400000000000000000e+02
7.790000000000000000e+02
4.310000000000000000e+02
2.810000000000000000e+02
2.430000000000000000e+02
2.240000000000000000e+02
1.980000000000000000e+02
2.550000000000000000e+02
2.640000000000000000e+02
5.970000000000000000e+02
1.000000000000000000e+03
1.820000000000000000e+02
1.000000000000000000e+03
2.530000000000000000e+02
2.310000000000000000e+02
2.630000000000000000e+02
3.480000000000000000e+02
4.680000000000000000e+02
1.000000000000000000e+03
2.330000000000000000e+02
2.780000000000000000e+02
1.950000000000000000e+02
2.290000000000000000e+02
8.060000000000000000e+02
2.570000000000000000e+02
2.550000000000000000e+02
3.160000000000000000e+02
2.110000000000000000e+02
1.000000000000000000e+03
2.140000000000000000e+02
3.630000000000000000e+02
2.860000000000000000e+02
2.740000000000000000e+02
3.020000000000000000e+02
5.470000000000000000e+02
1.000000000000000000e+03
2.720000000000000000e+02
2.370000000000000000e+02
2.390000000000000000e+02
2.740000000000000000e+02
2.400000000000000000e+02
2.710000000000000000e+02
2.030000000000000000e+02
3.170000000000000000e+02
4.550000000000000000e+02
3.100000000000000000e+02
2.610000000000000000e+02
3.530000000000000000e+02
2.330000000000000000e+02
2.310000000000000000e+02
2.400000000000000000e+02
3.810000000000000000e+02
2.570000000000000000e+02
2.460000000000000000e+02
2.220000000000000000e+02
2.600000000000000000e+02
4.410000000000000000e+02
4.080000000000000000e+02
4.400000000000000000e+02
2.570000000000000000e+02
7.320000000000000000e+02
2.240000000000000000e+02
2.150000000000000000e+02
2.130000000000000000e+02
2.050000000000000000e+02
2.090000000000000000e+02
2.500000000000000000e+02
2.440000000000000000e+02
2.170000000000000000e+02
1.970000000000000000e+02
8.360000000000000000e+02
4.430000000000000000e+02
6.440000000000000000e+02
4.530000000000000000e+02
2.740000000000000000e+02
1.000000000000000000e+03
4.340000000000000000e+02
2.650000000000000000e+02
1.000000000000000000e+03
2.590000000000000000e+02
2.660000000000000000e+02
2.470000000000000000e+02
4.480000000000000000e+02
2.690000000000000000e+02
2.590000000000000000e+02
2.140000000000000000e+02
2.050000000000000000e+02
2.050000000000000000e+02
2.400000000000000000e+02
2.060000000000000000e+02
4.760000000000000000e+02
5.940000000000000000e+02
2.710000000000000000e+02
2.740000000000000000e+02
3.000000000000000000e+02
2.430000000000000000e+02
1.000000000000000000e+03
2.300000000000000000e+02
2.550000000000000000e+02
1.000000000000000000e+03
2.040000000000000000e+02
2.480000000000000000e+02
1.840000000000000000e+02
2.560000000000000000e+02
5.320000000000000000e+02
1.770000000000000000e+02
2.690000000000000000e+02
2.270000000000000000e+02
2.160000000000000000e+02
3.540000000000000000e+02
2.970000000000000000e+02
2.310000000000000000e+02
2.440000000000000000e+02
2.990000000000000000e+02
1.990000000000000000e+02
2.840000000000000000e+02
2.000000000000000000e+02
2.270000000000000000e+02
2.660000000000000000e+02
3.960000000000000000e+02
2.310000000000000000e+02
3.430000000000000000e+02
1.000000000000000000e+03
6.310000000000000000e+02
2.550000000000000000e+02
2.860000000000000000e+02
2.400000000000000000e+02
1.000000000000000000e+03
5.990000000000000000e+02
2.600000000000000000e+02
2.930000000000000000e+02
7.120000000000000000e+02
2.270000000000000000e+02
2.570000000000000000e+02
2.180000000000000000e+02
1.000000000000000000e+03
3.390000000000000000e+02
2.780000000000000000e+02
5.020000000000000000e+02
2.330000000000000000e+02
2.180000000000000000e+02
2.120000000000000000e+02
6.350000000000000000e+02
2.610000000000000000e+02
2.610000000000000000e+02
2.240000000000000000e+02
1.000000000000000000e+03
6.880000000000000000e+02
4.760000000000000000e+02
2.670000000000000000e+02
3.790000000000000000e+02
2.480000000000000000e+02
2.450000000000000000e+02
2.430000000000000000e+02
4.860000000000000000e+02
4.590000000000000000e+02
1.930000000000000000e+02
2.670000000000000000e+02
2.250000000000000000e+02
2.960000000000000000e+02
1.000000000000000000e+03
5.010000000000000000e+02
2.590000000000000000e+02
2.840000000000000000e+02
3.250000000000000000e+02
4.040000000000000000e+02
2.520000000000000000e+02
2.730000000000000000e+02
2.870000000000000000e+02
4.710000000000000000e+02
2.040000000000000000e+02
3.160000000000000000e+02
2.690000000000000000e+02
2.650000000000000000e+02
2.810000000000000000e+02
2.650000000000000000e+02
2.020000000000000000e+02
2.770000000000000000e+02
3.490000000000000000e+02
2.260000000000000000e+02
5.070000000000000000e+02
2.650000000000000000e+02
2.230000000000000000e+02
2.530000000000000000e+02
2.290000000000000000e+02
6.100000000000000000e+02
4.660000000000000000e+02
2.730000000000000000e+02
2.080000000000000000e+02
2.190000000000000000e+02
1.990000000000000000e+02
1.880000000000000000e+02
6.180000000000000000e+02
2.320000000000000000e+02
3.390000000000000000e+02
2.210000000000000000e+02
5.600000000000000000e+02
2.440000000000000000e+02
2.700000000000000000e+02
2.340000000000000000e+02
2.670000000000000000e+02
3.960000000000000000e+02
2.640000000000000000e+02
3.030000000000000000e+02
2.140000000000000000e+02
1.930000000000000000e+02
3.400000000000000000e+02
2.490000000000000000e+02
2.980000000000000000e+02
2.700000000000000000e+02
2.390000000000000000e+02
2.110000000000000000e+02
3.560000000000000000e+02
5.090000000000000000e+02
5.430000000000000000e+02
2.510000000000000000e+02
2.420000000000000000e+02
4.620000000000000000e+02
3.220000000000000000e+02
6.020000000000000000e+02
6.380000000000000000e+02
1.990000000000000000e+02
2.450000000000000000e+02
2.720000000000000000e+02
1.920000000000000000e+02
3.680000000000000000e+02
4.860000000000000000e+02
2.220000000000000000e+02
2.460000000000000000e+02
2.220000000000000000e+02
2.700000000000000000e+02
2.930000000000000000e+02
2.700000000000000000e+02
2.070000000000000000e+02
2.500000000000000000e+02
2.600000000000000000e+02
8.900000000000000000e+02
2.780000000000000000e+02
1.000000000000000000e+03
6.010000000000000000e+02
2.720000000000000000e+02
2.080000000000000000e+02
2.340000000000000000e+02
2.080000000000000000e+02
2.350000000000000000e+02
2.130000000000000000e+02
3.080000000000000000e+02
2.410000000000000000e+02
3.430000000000000000e+02
3.620000000000000000e+02
2.720000000000000000e+02
2.970000000000000000e+02
2.610000000000000000e+02
1.000000000000000000e+03
2.700000000000000000e+02
2.600000000000000000e+02
5.630000000000000000e+02
2.340000000000000000e+02
2.580000000000000000e+02
4.760000000000000000e+02
3.450000000000000000e+02
2.290000000000000000e+02
4.460000000000000000e+02
2.700000000000000000e+02
3.190000000000000000e+02
6.200000000000000000e+02
2.730000000000000000e+02
2.260000000000000000e+02
6.040000000000000000e+02
2.520000000000000000e+02
2.880000000000000000e+02
4.220000000000000000e+02
2.170000000000000000e+02
2.330000000000000000e+02
2.580000000000000000e+02
2.210000000000000000e+02
2.520000000000000000e+02
2.820000000000000000e+02
4.120000000000000000e+02
2.760000000000000000e+02
1.000000000000000000e+03
2.190000000000000000e+02
3.620000000000000000e+02
5.930000000000000000e+02
2.380000000000000000e+02
2.750000000000000000e+02
2.710000000000000000e+02
4.760000000000000000e+02
2.660000000000000000e+02
2.450000000000000000e+02
4.260000000000000000e+02
4.100000000000000000e+02
2.490000000000000000e+02
5.930000000000000000e+02
2.790000000000000000e+02
2.470000000000000000e+02
2.850000000000000000e+02
2.540000000000000000e+02
2.680000000000000000e+02
2.250000000000000000e+02
3.160000000000000000e+02
4.430000000000000000e+02
2.090000000000000000e+02
2.010000000000000000e+02
2.020000000000000000e+02
2.000000000000000000e+02
2.390000000000000000e+02
1.000000000000000000e+03
2.340000000000000000e+02
2.200000000000000000e+02
1.870000000000000000e+02
8.120000000000000000e+02
5.680000000000000000e+02
2.740000000000000000e+02
2.650000000000000000e+02
3.020000000000000000e+02
5.090000000000000000e+02
1.000000000000000000e+03
1.000000000000000000e+03
2.470000000000000000e+02
5.870000000000000000e+02
3.530000000000000000e+02
2.140000000000000000e+02
2.480000000000000000e+02
2.330000000000000000e+02
4.660000000000000000e+02
1.000000000000000000e+03
2.520000000000000000e+02
5.560000000000000000e+02
2.480000000000000000e+02
3.880000000000000000e+02
1.770000000000000000e+02
2.420000000000000000e+02
8.210000000000000000e+02
3.030000000000000000e+02
2.640000000000000000e+02
2.180000000000000000e+02
4.090000000000000000e+02
4.090000000000000000e+02
2.470000000000000000e+02
2.340000000000000000e+02
2.240000000000000000e+02
2.330000000000000000e+02
2.250000000000000000e+02
2.340000000000000000e+02
2.560000000000000000e+02
2.720000000000000000e+02
2.070000000000000000e+02
2.470000000000000000e+02
2.190000000000000000e+02
2.700000000000000000e+02
5.160000000000000000e+02
2.680000000000000000e+02
2.330000000000000000e+02
2.510000000000000000e+02
4.430000000000000000e+02
4.930000000000000000e+02
8.180000000000000000e+02
3.220000000000000000e+02
4.190000000000000000e+02
2.800000000000000000e+02
4.400000000000000000e+02
2.100000000000000000e+02
3.230000000000000000e+02
2.370000000000000000e+02
2.580000000000000000e+02
3.150000000000000000e+02
4.700000000000000000e+02
4.330000000000000000e+02
2.620000000000000000e+02
3.060000000000000000e+02
4.850000000000000000e+02
1.000000000000000000e+03
2.650000000000000000e+02
2.060000000000000000e+02
3.020000000000000000e+02
2.630000000000000000e+02
2.800000000000000000e+02
3.030000000000000000e+02
8.340000000000000000e+02
2.050000000000000000e+02
2.780000000000000000e+02
2.630000000000000000e+02
1.000000000000000000e+03
2.280000000000000000e+02
2.920000000000000000e+02
2.500000000000000000e+02
2.380000000000000000e+02
3.170000000000000000e+02
4.290000000000000000e+02
2.760000000000000000e+02
2.800000000000000000e+02
1.870000000000000000e+02
2.140000000000000000e+02
2.250000000000000000e+02
1.920000000000000000e+02
2.390000000000000000e+02
2.200000000000000000e+02
2.220000000000000000e+02
2.080000000000000000e+02
4.850000000000000000e+02
1.000000000000000000e+03
7.870000000000000000e+02
2.790000000000000000e+02
6.100000000000000000e+02
2.600000000000000000e+02
1.960000000000000000e+02
4.710000000000000000e+02
5.360000000000000000e+02
2.450000000000000000e+02
2.870000000000000000e+02
2.080000000000000000e+02
2.840000000000000000e+02
8.430000000000000000e+02
5.800000000000000000e+02
3.190000000000000000e+02
4.600000000000000000e+02
2.040000000000000000e+02
1.800000000000000000e+02
5.310000000000000000e+02
1.000000000000000000e+03
2.300000000000000000e+02
3.830000000000000000e+02
8.330000000000000000e+02
2.400000000000000000e+02
2.840000000000000000e+02
2.480000000000000000e+02
4.930000000000000000e+02
2.250000000000000000e+02
4.510000000000000000e+02
2.890000000000000000e+02
2.900000000000000000e+02
2.030000000000000000e+02
2.480000000000000000e+02
4.230000000000000000e+02
2.640000000000000000e+02
2.560000000000000000e+02
2.340000000000000000e+02
1.980000000000000000e+02
2.420000000000000000e+02
2.000000000000000000e+02
2.460000000000000000e+02
2.810000000000000000e+02
1.980000000000000000e+02
1.000000000000000000e+03
3.190000000000000000e+02
2.950000000000000000e+02
3.020000000000000000e+02
3.180000000000000000e+02
2.190000000000000000e+02
2.120000000000000000e+02
2.880000000000000000e+02
3.330000000000000000e+02
2.480000000000000000e+02
2.020000000000000000e+02
2.340000000000000000e+02
2.880000000000000000e+02
2.060000000000000000e+02
2.020000000000000000e+02
2.650000000000000000e+02
2.040000000000000000e+02
2.740000000000000000e+02
1.000000000000000000e+03
2.420000000000000000e+02
2.210000000000000000e+02
3.790000000000000000e+02
1.000000000000000000e+03
2.120000000000000000e+02
2.060000000000000000e+02
2.420000000000000000e+02
2.510000000000000000e+02
2.580000000000000000e+02
2.940000000000000000e+02
2.260000000000000000e+02
2.360000000000000000e+02
3.400000000000000000e+02
5.320000000000000000e+02
2.660000000000000000e+02
5.720000000000000000e+02
2.550000000000000000e+02
3.010000000000000000e+02
2.290000000000000000e+02
3.860000000000000000e+02
2.240000000000000000e+02
6.550000000000000000e+02
2.250000000000000000e+02
2.680000000000000000e+02
2.280000000000000000e+02
3.250000000000000000e+02
4.980000000000000000e+02
2.620000000000000000e+02
2.350000000000000000e+02
5.200000000000000000e+02
2.630000000000000000e+02
2.700000000000000000e+02
2.850000000000000000e+02
1.910000000000000000e+02
2.690000000000000000e+02
2.200000000000000000e+02
2.690000000000000000e+02
5.010000000000000000e+02
4.970000000000000000e+02
6.880000000000000000e+02
2.670000000000000000e+02
2.710000000000000000e+02
2.240000000000000000e+02
3.350000000000000000e+02
2.470000000000000000e+02
2.390000000000000000e+02
2.680000000000000000e+02
2.690000000000000000e+02
4.280000000000000000e+02
2.290000000000000000e+02
2.230000000000000000e+02
2.940000000000000000e+02
2.420000000000000000e+02
4.070000000000000000e+02
5.340000000000000000e+02
2.470000000000000000e+02
4.660000000000000000e+02
2.890000000000000000e+02
2.340000000000000000e+02
5.450000000000000000e+02
2.530000000000000000e+02
2.380000000000000000e+02
2.560000000000000000e+02
3.560000000000000000e+02
5.120000000000000000e+02
2.530000000000000000e+02
2.260000000000000000e+02
2.670000000000000000e+02
2.410000000000000000e+02
4.860000000000000000e+02
2.600000000000000000e+02
2.350000000000000000e+02
2.430000000000000000e+02
2.870000000000000000e+02
2.990000000000000000e+02
3.270000000000000000e+02
3.040000000000000000e+02
2.480000000000000000e+02
2.150000000000000000e+02
2.700000000000000000e+02
2.330000000000000000e+02
2.790000000000000000e+02
4.380000000000000000e+02
1.910000000000000000e+02
2.440000000000000000e+02
1.000000000000000000e+03
2.360000000000000000e+02
5.030000000000000000e+02
6.630000000000000000e+02
2.400000000000000000e+02
1.000000000000000000e+03
3.410000000000000000e+02
1.000000000000000000e+03
3.130000000000000000e+02
6.280000000000000000e+02
1.000000000000000000e+03
3.230000000000000000e+02
2.390000000000000000e+02
5.450000000000000000e+02
2.940000000000000000e+02
2.640000000000000000e+02
1.930000000000000000e+02
2.600000000000000000e+02
4.960000000000000000e+02
3.370000000000000000e+02
3.040000000000000000e+02
4.850000000000000000e+02
2.550000000000000000e+02
2.470000000000000000e+02
2.850000000000000000e+02
2.580000000000000000e+02
2.280000000000000000e+02
6.360000000000000000e+02
2.700000000000000000e+02
2.410000000000000000e+02
2.070000000000000000e+02
2.320000000000000000e+02
2.040000000000000000e+02
5.180000000000000000e+02
2.300000000000000000e+02
2.060000000000000000e+02
1.820000000000000000e+02
7.280000000000000000e+02
2.680000000000000000e+02
1.000000000000000000e+03
2.540000000000000000e+02
2.420000000000000000e+02
2.180000000000000000e+02
2.840000000000000000e+02
4.350000000000000000e+02
2.760000000000000000e+02
2.600000000000000000e+02
4.780000000000000000e+02
2.920000000000000000e+02
1.000000000000000000e+03
3.700000000000000000e+02
2.450000000000000000e+02
2.380000000000000000e+02
2.370000000000000000e+02
2.520000000000000000e+02
2.550000000000000000e+02
2.040000000000000000e+02
1.000000000000000000e+03
3.190000000000000000e+02
2.480000000000000000e+02
4.770000000000000000e+02
2.900000000000000000e+02
4.260000000000000000e+02
2.340000000000000000e+02
2.610000000000000000e+02
5.130000000000000000e+02
4.180000000000000000e+02
2.300000000000000000e+02
3.350000000000000000e+02
3.330000000000000000e+02
2.120000000000000000e+02
2.480000000000000000e+02
2.470000000000000000e+02
2.120000000000000000e+02
2.240000000000000000e+02
9.140000000000000000e+02
2.080000000000000000e+02
2.280000000000000000e+02
5.110000000000000000e+02
2.240000000000000000e+02
6.350000000000000000e+02
2.880000000000000000e+02
4.390000000000000000e+02
2.830000000000000000e+02
2.600000000000000000e+02
3.320000000000000000e+02
2.210000000000000000e+02
2.230000000000000000e+02
2.810000000000000000e+02
2.600000000000000000e+02
2.170000000000000000e+02
2.410000000000000000e+02
1.000000000000000000e+03
2.040000000000000000e+02
3.160000000000000000e+02
2.490000000000000000e+02
6.350000000000000000e+02
1.000000000000000000e+03
4.790000000000000000e+02
2.270000000000000000e+02
2.900000000000000000e+02
3.270000000000000000e+02
1.000000000000000000e+03
3.750000000000000000e+02
6.660000000000000000e+02
2.830000000000000000e+02
2.080000000000000000e+02
2.340000000000000000e+02
2.160000000000000000e+02
2.640000000000000000e+02
2.250000000000000000e+02
2.590000000000000000e+02
2.470000000000000000e+02
6.460000000000000000e+02
1.000000000000000000e+03
3.580000000000000000e+02
2.670000000000000000e+02
2.180000000000000000e+02
2.870000000000000000e+02
3.080000000000000000e+02
2.420000000000000000e+02
2.240000000000000000e+02
5.150000000000000000e+02
4.420000000000000000e+02
2.450000000000000000e+02
4.680000000000000000e+02
2.520000000000000000e+02
4.270000000000000000e+02
3.810000000000000000e+02
2.940000000000000000e+02
5.620000000000000000e+02
6.750000000000000000e+02
2.950000000000000000e+02
1.000000000000000000e+03
2.400000000000000000e+02
2.940000000000000000e+02
3.020000000000000000e+02
2.190000000000000000e+02
2.950000000000000000e+02
2.100000000000000000e+02
2.140000000000000000e+02
7.140000000000000000e+02
2.510000000000000000e+02
6.560000000000000000e+02
4.370000000000000000e+02
4.390000000000000000e+02
2.750000000000000000e+02
4.070000000000000000e+02
2.080000000000000000e+02
2.620000000000000000e+02
3.340000000000000000e+02
2.690000000000000000e+02
2.240000000000000000e+02
6.570000000000000000e+02
2.900000000000000000e+02
2.100000000000000000e+02
4.410000000000000000e+02
5.340000000000000000e+02
2.610000000000000000e+02
2.170000000000000000e+02
2.460000000000000000e+02
2.310000000000000000e+02
2.700000000000000000e+02
2.480000000000000000e+02
2.760000000000000000e+02
4.430000000000000000e+02
3.150000000000000000e+02
2.370000000000000000e+02
1.000000000000000000e+03
1.000000000000000000e+03
5.690000000000000000e+02
2.280000000000000000e+02
2.870000000000000000e+02
2.260000000000000000e+02
2.440000000000000000e+02
2.320000000000000000e+02
2.120000000000000000e+02
2.530000000000000000e+02
2.740000000000000000e+02
2.990000000000000000e+02
2.540000000000000000e+02
2.650000000000000000e+02
3.540000000000000000e+02
2.440000000000000000e+02
2.240000000000000000e+02
2.300000000000000000e+02
2.290000000000000000e+02
4.680000000000000000e+02
4.650000000000000000e+02
5.380000000000000000e+02
2.800000000000000000e+02
3.880000000000000000e+02
5.090000000000000000e+02
2.470000000000000000e+02
2.310000000000000000e+02
2.290000000000000000e+02
2.230000000000000000e+02
2.640000000000000000e+02
1.000000000000000000e+03
2.510000000000000000e+02
6.220000000000000000e+02
3.170000000000000000e+02
2.460000000000000000e+02
2.670000000000000000e+02
2.470000000000000000e+02
6.020000000000000000e+02
4.430000000000000000e+02
2.530000000000000000e+02
1.000000000000000000e+03
4.490000000000000000e+02
2.390000000000000000e+02
2.590000000000000000e+02
4.280000000000000000e+02
6.310000000000000000e+02
3.370000000000000000e+02
1.000000000000000000e+03
2.200000000000000000e+02
2.890000000000000000e+02
2.730000000000000000e+02
5.890000000000000000e+02
1.000000000000000000e+03
2.470000000000000000e+02
4.740000000000000000e+02
2.560000000000000000e+02
2.570000000000000000e+02
2.180000000000000000e+02
2.300000000000000000e+02
3.260000000000000000e+02
2.310000000000000000e+02
2.510000000000000000e+02
1.000000000000000000e+03
1.000000000000000000e+03
2.650000000000000000e+02
2.310000000000000000e+02
2.790000000000000000e+02
2.560000000000000000e+02
2.810000000000000000e+02
1.000000000000000000e+03
2.950000000000000000e+02
2.810000000000000000e+02
2.960000000000000000e+02
5.570000000000000000e+02
5.030000000000000000e+02
2.430000000000000000e+02
1.000000000000000000e+03
1.950000000000000000e+02
3.000000000000000000e+02
2.360000000000000000e+02
2.160000000000000000e+02
2.800000000000000000e+02
2.310000000000000000e+02
3.130000000000000000e+02
5.520000000000000000e+02
2.380000000000000000e+02
2.350000000000000000e+02
2.180000000000000000e+02
1.960000000000000000e+02
7.600000000000000000e+02
3.130000000000000000e+02
2.160000000000000000e+02
2.180000000000000000e+02
2.130000000000000000e+02
2.560000000000000000e+02
2.120000000000000000e+02
2.430000000000000000e+02
1.740000000000000000e+02
6.140000000000000000e+02
1.000000000000000000e+03
3.770000000000000000e+02
2.460000000000000000e+02
2.580000000000000000e+02
4.040000000000000000e+02
1.830000000000000000e+02
2.390000000000000000e+02
2.290000000000000000e+02
1.910000000000000000e+02
2.270000000000000000e+02
4.090000000000000000e+02
2.290000000000000000e+02
4.870000000000000000e+02
4.990000000000000000e+02
2.250000000000000000e+02
2.620000000000000000e+02
2.310000000000000000e+02
3.150000000000000000e+02
2.160000000000000000e+02
2.610000000000000000e+02
2.130000000000000000e+02
2.460000000000000000e+02
2.900000000000000000e+02
2.960000000000000000e+02
2.690000000000000000e+02
4.320000000000000000e+02
4.460000000000000000e+02
2.990000000000000000e+02
2.690000000000000000e+02
2.250000000000000000e+02
6.340000000000000000e+02
5.930000000000000000e+02
2.690000000000000000e+02
2.380000000000000000e+02
2.250000000000000000e+02
4.460000000000000000e+02
2.550000000000000000e+02
3.540000000000000000e+02
2.840000000000000000e+02
4.990000000000000000e+02
2.360000000000000000e+02
2.090000000000000000e+02
5.700000000000000000e+02
2.400000000000000000e+02
8.530000000000000000e+02
3.900000000000000000e+02
4.770000000000000000e+02
4.570000000000000000e+02
4.400000000000000000e+02
2.370000000000000000e+02
2.250000000000000000e+02
4.760000000000000000e+02
1.000000000000000000e+03
