7.249999999999997158e+01
6.804999999999999716e+01
1.515000000000002345e+01
7.109999999999999432e+01
3.319999999999995310e+01
7.210000000000000853e+01
3.010000000000001208e+01
2.434999999999993747e+01
4.889999999999997726e+01
6.894999999999997442e+01
6.905000000000001137e+01
5.769999999999996021e+01
-1.404999999999965610e+01
-7.000000000000000000e+00
8.050000000000002487e+00
-3.374999999999975842e+01
9.050000000000001421e+01
3.639999999999998437e+01
6.330000000000000426e+01
7.000000000000001421e+01
7.799999999999997158e+00
6.439999999999999147e+01
6.129999999999994742e+01
4.055000000000004690e+01
-4.859999999999912745e+01
-4.599999999999752731e+00
3.920000000000000995e+01
-1.081000000000003070e+02
-2.082000000000001592e+02
4.279999999999998295e+01
6.459999999999999432e+01
6.990000000000000568e+01
7.159999999999999432e+01
-1.299999999999975842e+00
7.740000000000000568e+01
7.419999999999998863e+01
4.945000000000000284e+01
7.424999999999997158e+01
1.160000000000014886e+01
7.009999999999999432e+01
2.615000000000001990e+01
7.500000000000023093e+00
-8.644999999999998863e+01
7.259999999999999432e+01
5.179999999999999005e+01
1.470000000000043094e+01
4.829999999999999716e+01
-6.440000000000000568e+01
3.475000000000000000e+01
4.744999999999996021e+01
6.809999999999996589e+01
1.360000000000023235e+01
6.869999999999998863e+01
6.069999999999995310e+01
5.079999999999995453e+01
4.569999999999994600e+01
1.340000000000006786e+01
-2.120000000000000284e+01
7.439999999999997726e+01
7.430000000000001137e+01
-1.949999999999754152e+00
4.684999999999999432e+01
3.104999999999998295e+01
6.870000000000001705e+01
-2.899999999999849365e+00
3.970000000000021600e+01
6.169999999999998863e+01
-4.200000000000009948e+00
2.245000000000029772e+01
7.344999999999998863e+01
1.180000000000021032e+01
5.614999999999999858e+01
4.659999999999996589e+01
6.379999999999998295e+01
5.949999999999997158e+01
5.380000000000000426e+01
6.535000000000002274e+01
6.454999999999998295e+01
-1.944999999999942020e+01
5.685000000000002274e+01
4.944999999999999574e+01
7.744999999999998863e+01
-8.424999999999933209e+01
7.240000000000001990e+01
4.074999999999996447e+01
4.780000000000000426e+01
-6.449999999999555200e+00
3.430000000000018190e+01
4.889999999999997726e+01
-7.699999999999732836e+00
1.940000000000022240e+01
5.604999999999998295e+01
-3.303500000000008185e+02
4.165000000000001990e+01
-2.122799999999977445e+03
-1.224999999999982947e+01
-8.150000000000069633e+00
2.950000000000009237e+01
4.720000000000001705e+01
1.164999999999998970e+01
5.619999999999995310e+01
6.904999999999998295e+01
-5.719999999999946283e+01
1.650000000000289901e+00
3.694999999999997442e+01
1.000000000002216893e-01
5.779999999999996874e+01
6.864999999999996305e+01
4.984999999999998010e+01
3.564999999999999147e+01
7.865000000000003411e+01
5.400000000000000000e+01
-1.284999999999989484e+01
1.825000000000001421e+01
-9.599999999999909051e+00
-3.291000000000007049e+02
1.314999999999997016e+01
5.750000000000000000e+01
6.184999999999998721e+01
-6.224999999999977263e+01
4.534999999999995168e+01
-9.850000000000061817e+00
-7.889999999999977831e+01
2.250000000000002842e+01
-5.949999999999993605e+01
-8.349999999999731415e+00
7.154999999999999716e+01
7.055000000000001137e+01
4.664999999999997726e+01
6.794999999999998863e+01
5.410000000000000142e+01
6.919999999999998863e+01
1.565000000000010871e+01
5.039999999999997016e+01
1.670000000000004192e+01
4.394999999999995310e+01
6.300000000000001421e+01
5.164999999999997726e+01
6.519999999999998863e+01
-1.985000000000001563e+01
1.205000000000001315e+01
4.885000000000001563e+01
-7.869999999999998863e+01
-1.584499999999995623e+02
-2.399999999999756994e+00
7.819999999999998863e+01
-7.549999999999769784e+00
-4.119999999999914309e+01
4.600000000000000000e+01
6.395000000000000284e+01
3.320000000000005969e+01
3.609999999999999432e+01
1.615000000000000568e+01
5.429999999999998295e+01
1.520000000000021956e+01
1.200000000000012257e+01
4.564999999999992752e+01
7.175000000000000000e+01
4.974999999999998579e+01
5.349999999999997158e+01
-1.790000000000006253e+01
8.159999999999999432e+01
6.400000000000000000e+01
6.714999999999997726e+01
8.534999999999996589e+01
3.575000000000001421e+01
5.055000000000000426e+01
6.204999999999996874e+01
7.870000000000001705e+01
7.465000000000001990e+01
4.959999999999998010e+01
2.610000000000006537e+01
-1.041999999999992497e+02
5.809999999999998721e+01
1.210000000000001386e+01
8.005000000000001137e+01
2.445000000000020890e+01
-3.734999999999942588e+01
5.395000000000003126e+01
-4.394999999999983942e+01
1.780000000000028848e+01
5.969999999999996732e+01
7.044999999999998863e+01
7.139999999999994884e+01
6.300000000000002132e+01
1.914999999999994884e+01
6.885000000000002274e+01
1.200000000000027178e+01
7.505000000000001137e+01
7.990000000000001990e+01
2.570000000000010232e+01
1.065000000000009273e+01
-3.774999999999991473e+01
7.800000000000000000e+01
5.695000000000001705e+01
4.409999999999999432e+01
4.044999999999996021e+01
7.104999999999999716e+01
3.790000000000011937e+01
7.500000000002557954e-01
5.924999999999999289e+01
2.714999999999999858e+01
5.704999999999998295e+01
3.685000000000000142e+01
5.829999999999999005e+01
3.695000000000001705e+01
5.999999999999997158e+01
1.435000000000009024e+01
7.500000000000000000e+01
4.475000000000000711e+01
5.564999999999997726e+01
7.269999999999996021e+01
6.824999999999998579e+01
4.114999999999994174e+01
5.719999999999998863e+01
3.275000000000000711e+01
8.245000000000003126e+01
2.969999999999999574e+01
4.389999999999997016e+01
8.255000000000003979e+01
2.749999999999999289e+01
-1.625000000000002842e+01
6.070000000000000995e+01
5.614999999999995595e+01
-2.719999999999991047e+01
5.525000000000000000e+01
-4.879999999999971294e+01
3.689999999999988489e+01
-5.964999999999962199e+01
3.299999999999998579e+01
1.240000000000021529e+01
5.595000000000000284e+01
7.444999999999998863e+01
5.574999999999999289e+01
4.789999999999999858e+01
6.014999999999999858e+01
6.000000000000000000e+01
5.369999999999994600e+01
-3.049999999999925393e+01
7.909999999999999432e+01
5.864999999999997726e+01
8.650000000000192202e+00
7.409999999999999432e+01
6.200000000000224887e+00
6.279999999999999005e+01
4.180000000000013216e+01
5.574999999999999289e+01
6.420000000000000284e+01
4.240000000000006253e+01
4.984999999999999432e+01
6.815000000000000568e+01
1.900000000000261480e+00
-5.229999999999992610e+01
5.444999999999997442e+01
6.250000000000000000e+01
5.650000000000002132e+01
5.450000000000002842e+01
2.985000000000000853e+01
-3.139999999999954383e+01
5.369999999999996732e+01
7.460000000000000853e+01
1.530000000000012328e+01
8.509999999999998010e+01
-1.069999999999969731e+01
-2.349999999999972999e+01
5.170000000000000284e+01
5.624999999999996447e+01
5.264999999999998437e+01
4.659999999999997300e+01
5.774999999999997868e+01
-3.934999999999920561e+01
-1.649999999999994316e+01
5.360000000000000853e+01
8.414999999999996305e+01
3.309999999999998010e+01
5.890000000000000568e+01
7.209999999999999432e+01
4.370000000000002416e+01
5.309999999999998010e+01
-4.659999999999962483e+01
4.329999999999997584e+01
2.635000000000018616e+01
-1.848699999999978218e+03
8.150000000000069633e+00
6.890000000000000568e+01
9.060000000000002274e+01
2.049999999999997158e+01
4.719999999999996732e+01
3.330000000000001137e+01
5.879999999999996163e+01
7.484999999999999432e+01
-6.449999999999839417e+00
5.795000000000000995e+01
5.074999999999997158e+01
8.175000000000001421e+01
5.969999999999996732e+01
7.434999999999999432e+01
5.824999999999998579e+01
4.384999999999992326e+01
-2.015000000000017337e+02
-4.039999999999982805e+01
6.659999999999999432e+01
-1.670499999999994714e+02
-7.424999999999955946e+01
-1.654999999999970584e+01
4.180000000000014637e+01
4.649999999999995737e+01
6.815000000000000568e+01
6.765000000000001990e+01
3.755000000000016058e+01
-2.459999999999964615e+01
9.039999999999999147e+01
4.184999999999998010e+01
3.440000000000001990e+01
5.530000000000001137e+01
4.219999999999993889e+01
7.059999999999996589e+01
8.689999999999999147e+01
6.429999999999998295e+01
-2.424999999999981526e+01
3.764999999999999858e+01
8.034999999999999432e+01
2.824999999999999289e+01
3.660000000000021458e+01
4.129999999999990479e+01
-5.344999999999961915e+01
4.189999999999997016e+01
-3.549999999999876366e+01
4.270000000000006679e+01
5.449999999999999289e+01
6.655000000000001137e+01
6.239999999999997016e+01
-1.086999999999995623e+02
2.934999999999999432e+01
1.760000000000000497e+01
-3.749999999999758415e+00
5.289999999999988489e+01
7.060000000000000853e+01
-8.454999999999981242e+01
5.900000000000000000e+01
1.610000000000008313e+01
1.890000000000009805e+01
6.424999999999997158e+01
2.259999999999998721e+01
6.924999999999997158e+01
1.000000000000191847e+00
7.900000000000000000e+01
-3.574999999999975842e+01
-1.333500000000003638e+02
-2.304999999999949267e+01
6.024999999999999289e+01
3.244999999999994600e+01
4.444999999999997442e+01
6.995000000000000284e+01
1.550000000000031619e+01
-5.379999999999992610e+01
6.664999999999997726e+01
5.859999999999998010e+01
5.499999999999995737e+01
-8.274999999999978684e+01
4.510000000000002274e+01
7.280000000000001137e+01
4.840000000000004121e+01
7.254999999999999716e+01
-3.859999999999909903e+01
9.010000000000003695e+01
4.804999999999991189e+01
4.694999999999997442e+01
6.975000000000000000e+01
8.404999999999998295e+01
3.644999999999998863e+01
3.490000000000010516e+01
2.230000000000005755e+01
4.845000000000000284e+01
3.220000000000016627e+01
6.835000000000002274e+01
5.035000000000001563e+01
-6.154999999999975557e+01
6.409999999999999432e+01
2.695000000000002416e+01
7.259999999999998010e+01
1.535000000000003162e+01
6.815000000000000568e+01
2.270000000000002416e+01
1.725000000000001421e+01
-3.999999999996575184e-01
7.904999999999998295e+01
4.199999999999997158e+01
1.355000000000017835e+01
8.304999999999998295e+01
7.059999999999996589e+01
-4.639999999999933777e+01
7.489999999999999147e+01
6.060000000000002274e+01
2.415000000000019398e+01
8.200000000000166267e+00
4.389999999999994884e+01
6.894999999999998863e+01
6.465000000000000568e+01
-6.989999999999980673e+01
6.264999999999997726e+01
6.119999999999998863e+01
2.245000000000024087e+01
7.229999999999998295e+01
6.504999999999998295e+01
6.984999999999998010e+01
5.465000000000001279e+01
1.709999999999995168e+01
-5.722000000000018645e+02
7.894999999999998863e+01
7.040000000000000568e+01
-1.114999999999973568e+01
8.484999999999998010e+01
5.875000000000000711e+01
4.439999999999997016e+01
2.849999999999998934e+01
3.245000000000005969e+01
-4.239999999999909619e+01
-3.699999999999988631e+00
7.425000000000002842e+01
8.445000000000004547e+01
6.014999999999998437e+01
6.944999999999996021e+01
8.140000000000003411e+01
-9.999999999999936051e+00
1.500000000000023803e+01
3.849999999999999289e+01
6.014999999999994174e+01
7.415000000000000568e+01
-5.399999999999984368e+00
4.754999999999996874e+01
5.960000000000002984e+01
1.000000000000937916e-01
-1.762000000000001592e+02
2.434999999999998721e+01
-4.749999999999990052e+01
5.225000000000002132e+01
2.289999999999997016e+01
7.359999999999999432e+01
4.974999999999998579e+01
4.974999999999996447e+01
5.819999999999997442e+01
7.904999999999998295e+01
3.894999999999998153e+01
3.950000000000001421e+01
5.414999999999998437e+01
5.294999999999998153e+01
6.944999999999998863e+01
1.250000000000333955e+00
6.900000000000000000e+01
6.064999999999999858e+01
6.624999999999997158e+01
5.264999999999999858e+01
4.674999999999999289e+01
6.420000000000001705e+01
6.199999999999999289e+01
5.354999999999997584e+01
-1.353500000000007333e+02
8.960000000000003695e+01
4.814999999999998437e+01
3.399999999999998579e+01
6.955000000000001137e+01
4.279999999999998295e+01
2.650000000000005684e+01
-1.098500000000010175e+02
5.814999999999997726e+01
5.699999999999999289e+01
-5.449999999999903366e+00
5.604999999999996874e+01
2.965000000000019043e+01
4.949999999999999289e+01
6.399999999999999289e+01
6.695000000000000284e+01
7.020000000000000284e+01
-8.299999999999783995e+00
4.330000000000002558e+01
5.925000000000000711e+01
4.259999999999998010e+01
8.464999999999997726e+01
-8.419999999999959073e+01
4.744999999999998153e+01
3.700000000000159162e+00
6.625000000000000000e+01
6.379999999999997584e+01
3.904999999999999716e+01
-2.179999999999996163e+01
2.815000000000006963e+01
6.415000000000000568e+01
7.514999999999999147e+01
7.809999999999999432e+01
2.264999999999997016e+01
5.390000000000000568e+01
8.250000000000000000e+01
1.289999999999998792e+01
5.499999999999999289e+01
7.265000000000000568e+01
-3.179999999999943583e+01
6.004999999999999716e+01
7.020000000000001705e+01
4.790000000000000568e+01
-1.484999999999966036e+01
7.915000000000000568e+01
7.389999999999999147e+01
5.604999999999998295e+01
6.194999999999998153e+01
3.959999999999995168e+01
-2.684999999999991616e+01
5.590000000000000568e+01
5.445000000000000995e+01
6.179999999999999005e+01
6.240000000000000568e+01
5.090000000000000568e+01
7.105000000000002558e+01
6.895000000000001705e+01
4.374999999999995026e+01
5.159999999999994458e+01
5.650000000000000000e+01
6.905000000000001137e+01
-3.044999999999986784e+01
1.839999999999995239e+01
6.924999999999997158e+01
5.554999999999999005e+01
5.045000000000003126e+01
-5.459999999999882903e+01
5.809999999999998010e+01
6.549999999999993605e+00
5.149999999999999289e+01
4.679999999999997584e+01
7.229999999999999716e+01
7.730000000000001137e+01
-1.320999999999995396e+02
4.999999999999993605e+01
-4.214999999999957225e+01
8.300000000000276046e+00
1.305000000000023874e+01
4.929999999999998295e+01
3.075000000000015632e+01
1.985000000000005826e+01
7.834999999999999432e+01
-1.153499999999996533e+02
2.694999999999999929e+01
4.819999999999993179e+01
3.834999999999999432e+01
6.719999999999998863e+01
4.549999999999997158e+01
7.419999999999997442e+01
-8.509999999999948272e+01
8.700000000000214229e+00
6.750000000000000000e+01
-1.344999999999984652e+01
5.929999999999999005e+01
4.834999999999995879e+01
1.575000000000050271e+01
-4.669999999999930651e+01
1.915000000000014424e+01
5.914999999999997016e+01
5.379999999999996874e+01
6.170000000000004547e+01
-6.714999999999936620e+01
-5.759999999999911324e+01
6.070000000000000995e+01
6.404999999999999716e+01
3.120000000000002416e+01
4.704999999999994742e+01
-1.643499999999997385e+02
2.810000000000005826e+01
-7.449999999999882050e+00
6.685000000000002274e+01
-2.849999999999976552e+01
5.664999999999999858e+01
3.384999999999999432e+01
2.415000000000008384e+01
5.454999999999998295e+01
2.499999999999999289e+01
-3.759999999999991616e+01
-5.925500000000016598e+02
6.850000000000000000e+01
5.694999999999995310e+01
6.424999999999997158e+01
2.040000000000025437e+01
5.449999999999997868e+01
-1.323999999999998920e+02
4.004999999999996163e+01
6.525000000000000000e+01
3.500000000000000711e+01
-1.514999999999942304e+01
5.510000000000001563e+01
6.109999999999998010e+01
4.814999999999996305e+01
3.329999999999991900e+01
-6.399999999999980105e+01
5.814999999999998437e+01
5.000000000000000711e+01
3.630000000000006111e+01
4.139999999999999147e+01
5.925000000000000000e+01
-1.871299999999981310e+03
8.650000000000174438e+00
4.164999999999997726e+01
-4.499999999999978684e+00
7.865000000000000568e+01
-3.124999999999945288e+01
-2.059999999999913456e+01
6.344999999999999574e+01
5.444999999999996021e+01
2.435000000000000497e+01
6.324999999999997158e+01
5.444999999999999574e+01
-1.379199999999987085e+03
-9.399999999999792522e+00
2.665000000000019753e+01
2.715000000000000568e+01
8.534999999999999432e+01
4.079999999999995453e+01
4.040000000000001990e+01
5.339999999999999147e+01
3.664999999999997726e+01
5.214999999999995595e+01
5.140000000000004121e+01
2.370000000000000995e+01
6.390000000000000568e+01
-3.234999999999973141e+01
4.824999999999999289e+01
3.410000000000009379e+01
6.450000000000000000e+01
-9.279999999999935767e+01
4.495000000000007390e+01
5.329999999999999005e+01
5.325000000000000000e+01
3.950000000000007105e+01
6.785000000000000853e+01
2.165000000000005187e+01
5.159999999999996589e+01
4.629999999999999005e+01
4.984999999999999432e+01
-5.899999999999806732e+00
4.769999999999999574e+01
9.850000000000060041e+00
6.869999999999998863e+01
6.425000000000000000e+01
-5.399999999999941735e+01
5.154999999999991900e+01
2.060000000000016129e+01
5.054999999999994742e+01
4.584999999999993747e+01
6.114999999999999858e+01
6.544999999999998863e+01
-6.939999999999984936e+01
7.530000000000001137e+01
6.979999999999995453e+01
3.765000000000002700e+01
4.249999999999992895e+01
6.414999999999997726e+01
3.295000000000010232e+01
7.390000000000000568e+01
-3.449999999999960210e+01
5.814999999999998437e+01
6.594999999999998863e+01
4.009999999999992326e+01
-2.299999999999421618e+00
-2.939999999999924540e+01
7.409999999999999432e+01
6.360000000000001563e+01
-1.525499999999999545e+02
6.854999999999998295e+01
-3.269999999999991758e+01
-2.572099999999975807e+03
6.775000000000000000e+01
6.759999999999999432e+01
7.000000000000532907e+00
-2.264999999999913172e+01
-6.710000000000012221e+01
-3.799999999999826628e+00
6.949999999999998579e+01
4.614999999999995595e+01
-1.384999999999978826e+01
-4.749999999999729994e+00
7.934999999999999432e+01
5.454999999999998295e+01
7.369999999999996021e+01
7.875000000000005684e+01
8.475000000000005684e+01
7.960000000000003695e+01
7.445000000000000284e+01
6.115000000000000568e+01
7.425000000000000000e+01
2.710000000000000853e+01
3.900000000000001421e+01
6.424999999999997158e+01
6.000000000000000000e+01
5.124999999999999289e+01
-4.284999999999963194e+01
6.410000000000002274e+01
3.734999999999998721e+01
2.635000000000019327e+01
5.670000000000003126e+01
6.900000000000000000e+01
6.200000000000272848e+00
7.959999999999999432e+01
5.904999999999998295e+01
-3.639999999999936620e+01
5.974999999999998579e+01
6.640000000000000568e+01
2.750000000000019185e+01
6.599999999999998579e+01
6.095000000000000284e+01
-2.614999999999992752e+01
7.220000000000000284e+01
7.950000000000287059e+00
3.045000000000002416e+01
-3.961500000000011710e+02
6.019999999999999574e+01
7.414999999999999147e+01
7.374999999999997158e+01
5.375000000000000711e+01
6.969999999999998863e+01
5.920000000000000995e+01
2.160000000000025722e+01
6.694999999999998863e+01
-1.105500000000000966e+02
-9.129999999999998295e+01
5.919999999999998153e+01
-8.654999999999986926e+01
3.479999999999999005e+01
-4.464999999999969305e+01
7.900000000000233058e+00
7.304999999999999716e+01
5.439999999999997016e+01
7.344999999999998863e+01
7.550000000000160583e+00
4.609999999999998721e+01
6.870000000000001705e+01
3.965000000000008384e+01
-6.084999999999946851e+01
7.464999999999994884e+01
5.449999999999997868e+01
4.635000000000000853e+01
7.009999999999999432e+01
6.169999999999998153e+01
-8.999999999999204192e-01
-1.149999999999972999e+01
6.150000000000177991e+00
-8.110000000000006537e+01
5.949999999999997868e+01
2.384999999999996589e+01
7.409999999999999432e+01
9.000000000001548983e-01
-3.000000000000049738e+00
-6.449999999999924682e+01
6.040000000000001279e+01
5.439999999999999858e+01
-1.424999999999955236e+01
4.860000000000006537e+01
6.154999999999999005e+01
6.404999999999999716e+01
2.395000000000001705e+01
1.850000000000006040e+01
-3.249999999999977263e+01
-2.899999999999991473e+00
5.349999999999994316e+00
5.319999999999997442e+01
1.889999999999999858e+01
6.844999999999996021e+01
6.515000000000001990e+01
5.009999999999995168e+01
6.990000000000000568e+01
2.560000000000017906e+01
-1.549999999999762679e+00
3.239999999999999858e+01
7.444999999999997442e+01
4.870000000000000284e+01
7.955000000000001137e+01
6.470000000000000284e+01
-5.649999999999479883e+00
2.954999999999997584e+01
4.309999999999995168e+01
2.080000000000020322e+01
4.000000000000241585e+00
5.184999999999998010e+01
2.755000000000000782e+01
-1.799999999999944578e+01
-2.005499999999991303e+02
4.300000000000001421e+01
7.479999999999998295e+01
1.450000000000002842e+00
-4.299999999999876366e+00
5.529999999999998295e+01
2.725000000000000711e+01
2.650000000000169109e+00
8.509999999999998010e+01
7.874999999999998579e+01
4.909999999999998721e+01
-3.350000000000000711e+01
5.475000000000000000e+01
7.345000000000001705e+01
6.774999999999998579e+01
5.265000000000000568e+01
-3.989999999999998437e+01
5.849999999999997158e+01
2.470000000000004192e+01
-1.044999999999996874e+02
6.969999999999998863e+01
-2.279999999999947136e+01
2.350000000000015632e+00
5.304999999999997584e+01
5.739999999999999147e+01
1.850000000000001421e+00
6.580000000000001137e+01
2.804999999999998295e+01
-3.595000000000002416e+01
-4.099999999999496936e+00
6.254999999999996163e+01
-2.974999999999941735e+01
6.170000000000000284e+01
7.515000000000000568e+01
7.445000000000000284e+01
6.619999999999998863e+01
5.760000000000000142e+01
1.300000000000117950e+00
3.700000000000000711e+01
6.915000000000000568e+01
6.734999999999999432e+01
3.050000000000210321e+00
-3.739999999999988489e+01
-4.380000000000002558e+01
-3.054999999999960636e+01
2.835000000000000853e+01
2.720000000000000284e+01
7.394999999999998863e+01
6.670000000000000284e+01
3.269999999999997442e+01
5.814999999999998437e+01
7.150000000000225953e+00
-9.925000000000004263e+01
-4.310000000000001563e+01
4.484999999999998721e+01
6.589999999999999147e+01
5.174999999999995737e+01
-6.000000000000007105e+00
-5.394999999999960494e+01
5.284999999999997300e+01
3.580000000000006821e+01
4.234999999999998010e+01
6.659999999999999432e+01
7.410000000000000853e+01
8.489999999999999147e+01
-1.664999999999950120e+01
7.529999999999998295e+01
-3.554999999999967031e+01
-4.549999999999705835e+00
4.219999999999999574e+01
5.434999999999998721e+01
7.859999999999999432e+01
5.464999999999994174e+01
7.225000000000000000e+01
7.164999999999997726e+01
6.045000000000000284e+01
7.354999999999999716e+01
5.934999999999999432e+01
5.400000000000000000e+01
5.759999999999999432e+01
1.749999999999998224e+01
3.934999999999999432e+01
-4.484999999999961062e+01
-2.280000000000005400e+01
-3.219999999999946283e+01
3.179999999999998650e+01
3.119999999999999574e+01
6.790000000000000568e+01
-2.674999999999997868e+01
5.345000000000000995e+01
8.445000000000000284e+01
6.975000000000000000e+01
7.960000000000002274e+01
5.835000000000000142e+01
6.720000000000000284e+01
6.920000000000000284e+01
-1.939999999999953673e+01
2.584999999999999432e+01
3.529999999999999716e+01
6.464999999999996305e+01
8.255000000000001137e+01
4.450000000000018474e+01
3.749999999999999289e+01
5.970000000000000284e+01
-2.884999999999996589e+01
1.560000000000003695e+01
6.299999999999999289e+01
6.954999999999998295e+01
7.414999999999997726e+01
4.024999999999993605e+01
-7.295999999999984311e+02
3.385000000000001563e+01
6.409999999999999432e+01
5.350000000000000000e+01
8.910000000000005116e+01
8.000000000000611067e-01
6.659999999999999432e+01
5.250000000000000711e+01
4.614999999999997726e+01
-1.605500000000000398e+02
3.015000000000001279e+01
6.904999999999998295e+01
-7.325000000000009948e+01
2.590000000000018687e+01
2.000000000000255795e+00
5.970000000000001705e+01
-2.474999999999964473e+01
1.695000000000003482e+01
5.460000000000000853e+01
-3.419999999999986073e+01
-2.594999999999937756e+01
4.984999999999999432e+01
5.594999999999998153e+01
2.615000000000001279e+01
4.150000000000000000e+01
6.389999999999998437e+01
2.815000000000004832e+01
-3.889999999999952252e+01
4.569999999999995310e+01
2.560000000000000497e+01
5.825000000000000711e+01
4.905000000000002558e+01
6.330000000000001137e+01
6.164999999999994884e+01
-8.019999999999959073e+01
7.214999999999997726e+01
-3.604999999999935056e+01
2.655000000000008242e+01
3.890000000000001990e+01
7.420000000000000284e+01
-4.554999999999964189e+01
3.869999999999998153e+01
4.689999999999995595e+01
-1.229999999999975557e+01
-3.719999999999973284e+01
-6.149999999999806732e+00
3.714999999999998437e+01
6.675000000000000000e+01
8.364999999999997726e+01
5.340000000000001279e+01
-1.159999999999948272e+01
2.030000000000011084e+01
-1.260000000000001563e+01
4.404999999999999005e+01
3.615000000000004121e+01
-2.489999999999978542e+01
-1.694999999999970441e+01
5.344999999999998153e+01
2.099999999999999289e+01
4.964999999999999858e+01
5.234999999999997300e+01
4.529999999999997584e+01
3.609999999999998721e+01
-1.644999999999911466e+01
6.479999999999999716e+01
4.339999999999997726e+01
3.494999999999998863e+01
5.759999999999999432e+01
1.860000000000000142e+01
5.479999999999999005e+01
5.410000000000002274e+01
4.389999999999998437e+01
8.420000000000000284e+01
3.155000000000011795e+01
5.204999999999996874e+01
-1.141499999999995509e+02
7.409999999999999432e+01
9.040000000000001990e+01
5.420000000000000995e+01
6.549999999999998579e+01
7.385000000000000853e+01
4.850000000000017053e+01
3.130000000000001847e+01
6.509999999999999432e+01
-2.019999999999993889e+01
3.399999999999998579e+01
3.830000000000013216e+01
5.874999999999996447e+01
6.344999999999998863e+01
6.125000000000000000e+01
6.754999999999999716e+01
2.620000000000005258e+01
8.384999999999996589e+01
-7.350000000000044054e+00
6.410000000000000853e+01
5.890000000000001279e+01
7.314999999999999147e+01
6.404999999999995453e+01
3.230000000000013216e+01
7.000000000000952127e-01
6.994999999999998863e+01
5.339999999999999858e+01
6.135000000000001563e+01
7.030000000000001137e+01
5.194999999999997442e+01
4.419999999999999574e+01
4.010000000000003695e+01
-6.724999999999941735e+01
5.860000000000000853e+01
