1.325000000000019718e+01
5.804999999999999005e+01
6.984999999999999432e+01
2.450000000000011724e+01
6.879999999999999716e+01
5.414999999999999858e+01
2.130000000000016058e+01
8.105000000000006821e+01
6.925000000000000000e+01
2.885000000000015774e+01
1.210000000000010800e+01
-7.299999999999741362e+00
5.314999999999998437e+01
5.685000000000000853e+01
7.204999999999998295e+01
2.485000000000001563e+01
5.314999999999997016e+01
7.465000000000003411e+01
7.364999999999999147e+01
6.845000000000001705e+01
5.930000000000000426e+01
7.165000000000001990e+01
1.970000000000025864e+01
4.775000000000000711e+01
6.434999999999999432e+01
7.415000000000001990e+01
-1.850000000000001421e+01
-6.249999999999701572e+00
4.800000000000000000e+01
-4.849999999999901945e+00
-5.499999999998550493e-01
-1.694999999999956231e+01
3.650000000000004263e+01
1.440000000000003233e+01
-3.829999999999992610e+01
7.259999999999999432e+01
6.779999999999998295e+01
7.495000000000000284e+01
1.585000000000018616e+01
9.500000000000289546e+00
5.530000000000001847e+01
3.369999999999994600e+01
4.849999999999997868e+01
2.410000000000000142e+01
6.899999999999998579e+01
6.359999999999999432e+01
-1.014499999999996760e+02
-2.195000000000007390e+01
5.529999999999997584e+01
-5.199999999999974420e+00
8.310000000000002274e+01
6.945000000000001705e+01
3.595000000000005258e+01
7.859999999999999432e+01
7.479999999999996874e+01
-9.049999999999833733e+00
3.024999999999999289e+01
1.125000000000012612e+01
-3.199999999999983658e+01
6.949999999999998579e+01
8.885000000000003695e+01
2.879999999999999716e+01
6.234999999999999432e+01
6.014999999999999147e+01
1.705000000000032756e+01
4.039999999999995595e+01
-1.554999999999982663e+01
6.425000000000001421e+01
7.675000000000002842e+01
7.469999999999996021e+01
4.655000000000001137e+01
3.800000000000000711e+01
7.099999999999998579e+01
-2.079000000000000341e+02
-9.627000000000033424e+02
5.689999999999997016e+01
-1.444999999999986784e+01
7.555000000000001137e+01
5.289999999999996305e+01
1.140000000000019753e+01
7.370000000000000284e+01
5.724999999999996447e+01
2.789999999999997016e+01
-3.150000000000048317e+00
3.165000000000004832e+01
6.254999999999996874e+01
2.860000000000000853e+01
3.965000000000000568e+01
3.719999999999996732e+01
3.804999999999999005e+01
4.079999999999996874e+01
5.764999999999998437e+01
9.500000000000012434e+00
4.714999999999998437e+01
7.715000000000000568e+01
7.430000000000001137e+01
7.444999999999998863e+01
6.829999999999998295e+01
5.879999999999999005e+01
8.950000000000230216e+00
2.709999999999999432e+01
3.885000000000000853e+01
6.775000000000001421e+01
-1.335499999999999829e+02
7.024999999999997158e+01
6.800000000000000000e+01
2.010000000000009379e+01
1.154999999999997229e+01
4.000000000000435207e+00
2.174999999999996447e+01
6.239999999999999858e+01
4.780000000000001847e+01
7.374999999999997158e+01
-7.369500000000045929e+02
2.560000000000015774e+01
6.179999999999999005e+01
6.684999999999999432e+01
-1.329999999999959215e+01
-4.639999999999997726e+01
-1.949999999999955236e+01
-3.997500000000015916e+02
3.430000000000011795e+01
3.670000000000006679e+01
-4.890000000000016200e+01
-7.318000000000104137e+02
7.800000000000325784e+00
-7.729999999999967031e+01
3.039999999999995239e+01
4.534999999999998010e+01
5.229999999999996874e+01
6.924999999999998579e+01
8.285000000000007958e+01
5.494999999999998153e+01
4.515000000000004121e+01
5.219999999999998153e+01
-2.065499999999994429e+02
6.460000000000000853e+01
-5.329999999999962768e+01
-5.424999999999991473e+01
-6.749999999999995737e+01
4.404999999999997584e+01
-5.359999999999928377e+01
5.854999999999999716e+01
8.500000000000179412e+00
6.859999999999999432e+01
5.474999999999997158e+01
2.955000000000001137e+01
-1.059999999999942588e+01
5.510000000000003695e+01
6.259999999999996589e+01
-1.475000000000000711e+01
1.885000000000016485e+01
4.909999999999998721e+01
4.764999999999997016e+01
7.835000000000003695e+01
6.525000000000000000e+01
8.360000000000000853e+01
7.840000000000000568e+01
-6.284999999999973852e+01
-3.429999999999964189e+01
7.534999999999999432e+01
2.844999999999994955e+01
3.304999999999996874e+01
8.030000000000001137e+01
-4.654999999999996874e+01
7.129999999999996874e+01
6.069999999999998153e+01
-1.011499999999996362e+02
5.530000000000001847e+01
2.860000000000022879e+01
6.765000000000000568e+01
-3.399999999999891998e+00
5.374999999999997868e+01
9.999999999997299938e-02
3.015000000000008029e+01
7.630000000000001137e+01
3.909999999999996589e+01
1.330000000000022098e+01
7.940000000000000568e+01
-4.909999999999958220e+01
5.689999999999995595e+01
7.189999999999997726e+01
6.929999999999999716e+01
7.385000000000003695e+01
7.500000000000115463e+00
4.299999999999996447e+01
1.400000000000025402e+01
-5.100000000000045830e+00
5.499999999999999289e+01
1.760000000000015064e+01
3.300000000000174794e+00
3.869999999999998863e+01
-1.764999999999991331e+01
6.925000000000001421e+01
3.824999999999998579e+01
-2.709999999999968878e+01
1.240000000000019220e+01
4.945000000000001705e+01
3.110000000000016485e+01
5.054999999999999716e+01
-6.344999999999988916e+01
-8.694999999999977547e+01
-3.924999999999985079e+01
7.950000000000000000e+01
1.030000000000018368e+01
7.860000000000002274e+01
-4.184999999999951825e+01
7.459999999999999432e+01
5.105000000000000426e+01
7.429999999999998295e+01
1.680000000000028848e+01
3.879999999999994742e+01
3.025000000000006395e+01
-2.908500000000012164e+02
7.644999999999998863e+01
4.389999999999996305e+01
6.939999999999999147e+01
-5.307500000000039790e+02
3.839999999999994884e+01
2.039999999999998437e+01
6.465000000000000568e+01
4.579999999999999716e+01
6.455000000000001137e+01
4.469999999999998863e+01
-1.079999999999981242e+01
-7.800000000000029132e+00
5.399999999999998579e+01
3.379999999999997584e+01
-7.519999999999973284e+01
2.420000000000019469e+01
5.999999999999999289e+01
6.889999999999997726e+01
3.739999999999997726e+01
4.510000000000001563e+01
2.885000000000006537e+01
-3.699999999999860734e+00
4.650000000000172662e+00
1.815000000000001279e+01
3.030000000000000426e+01
5.270000000000000284e+01
-4.499999999993704591e-01
6.809999999999999432e+01
-6.794999999999983231e+01
-1.439999999999974278e+01
-8.124999999999980105e+01
6.869999999999998863e+01
5.814999999999998437e+01
7.505000000000001137e+01
4.814999999999994174e+01
5.929999999999999716e+01
6.820000000000001705e+01
5.759999999999995879e+01
4.099999999999996447e+01
7.340000000000000568e+01
3.019999999999998153e+01
-2.614999999999937330e+01
-4.424999999999977263e+01
3.789999999999999858e+01
5.400000000000001421e+01
4.764999999999998437e+01
7.235000000000002274e+01
-3.999999999999947420e+01
6.430000000000001137e+01
2.244999999999995310e+01
-4.964999999999989200e+01
4.264999999999990621e+01
-2.088499999999991417e+02
4.859999999999998721e+01
1.680000000000006821e+01
6.200000000000002132e+01
-1.419999999999971152e+01
6.410000000000000853e+01
4.705000000000001137e+01
3.800000000000387956e+00
5.105000000000001137e+01
2.510000000000022169e+01
5.905000000000005400e+01
7.465000000000000568e+01
6.450000000000230216e+00
5.155000000000009663e+01
6.404999999999998295e+01
2.550000000000160583e+00
-5.499999999999744205e+00
7.035000000000000853e+01
4.955000000000000426e+01
7.765000000000001990e+01
8.120000000000001705e+01
5.080000000000001847e+01
5.910000000000000853e+01
-8.370000000000001705e+01
3.905000000000018900e+01
-9.949999999999839417e+00
5.794999999999997442e+01
2.250000000000255795e+00
-1.017499999999991616e+02
5.814999999999998437e+01
-3.089999999999977831e+01
5.414999999999997016e+01
3.375000000000001421e+01
9.035000000000002274e+01
3.630000000000004690e+01
6.849999999999997158e+01
4.710000000000009379e+01
1.805000000000001137e+01
7.449999999999998579e+01
1.020000000000021245e+01
4.614999999999997726e+01
4.194999999999998153e+01
5.329999999999994031e+01
-7.999999999997839950e-01
7.435000000000002274e+01
8.009999999999999432e+01
1.315000000000087965e+01
4.629999999999992610e+01
5.179999999999998295e+01
3.095000000000010232e+01
5.874999999999999289e+01
-1.563000000000001251e+02
3.024999999999995026e+01
5.154999999999997584e+01
8.134999999999999432e+01
2.110000000000003695e+01
7.320000000000001705e+01
6.144999999999999574e+01
1.805000000000013216e+01
5.869999999999999574e+01
5.319999999999998863e+01
-1.239999999999952962e+01
5.645000000000000995e+01
-7.599999999999991473e+01
7.494999999999998863e+01
4.799999999999992184e+01
2.789999999999998792e+01
3.634999999999995879e+01
5.059999999999994458e+01
-6.954999999999938609e+01
1.640000000000022595e+01
6.780000000000001137e+01
9.150000000000352074e+00
5.289999999999993463e+01
6.874999999999997158e+01
6.334999999999997300e+01
7.034999999999999432e+01
5.864999999999999858e+01
2.735000000000010090e+01
6.865000000000000568e+01
6.679999999999999716e+01
-2.412999999999996987e+02
-3.199999999999825206e+00
1.590000000000001279e+01
7.784999999999999432e+01
-6.664999999999920988e+01
2.819999999999999574e+01
7.740000000000000568e+01
6.314999999999998437e+01
-2.409999999999961773e+01
4.404999999999996874e+01
8.650000000000001421e+01
3.255000000000006111e+01
-8.399999999999607780e+00
4.014999999999998437e+01
7.139999999999997726e+01
-1.139999999999993463e+01
6.365000000000001990e+01
5.249999999999999289e+01
6.245000000000002416e+01
5.944999999999998153e+01
1.845000000000027285e+01
6.479999999999998295e+01
1.984999999999999076e+01
-2.449999999999997158e+01
3.480000000000003979e+01
9.250000000000049738e+00
2.200000000000208900e+00
2.860000000000002274e+01
6.729999999999998295e+01
-1.179999999999986926e+01
4.435000000000001563e+01
-3.674999999999927525e+01
4.129999999999994031e+01
3.464999999999998437e+01
6.270000000000000284e+01
4.949999999999997868e+01
-3.539999999999987068e+01
5.924999999999997868e+01
4.280000000000023164e+01
7.644999999999998863e+01
5.365000000000000568e+01
6.455000000000001137e+01
4.200000000000000711e+01
-5.035000000000000853e+01
2.965000000000021885e+01
-1.389999999999966462e+01
-8.784999999999949694e+01
4.970000000000016627e+01
5.674999999999997868e+01
4.300000000000071765e+00
7.275000000000000000e+01
-4.489999999999952252e+01
3.950000000000004974e+01
1.885000000000000853e+01
4.729999999999989768e+01
8.449999999999997158e+01
2.789999999999998792e+01
-3.296899999999962802e+03
5.360000000000000853e+01
4.469999999999997442e+01
8.365000000000000568e+01
7.004999999999998295e+01
5.580000000000000426e+01
5.464999999999995595e+01
-4.984999999999999432e+01
2.350000000000006395e+01
-6.259999999999942588e+01
6.334999999999993037e+01
5.504999999999998295e+01
6.065000000000001990e+01
8.970000000000004547e+01
6.725000000000000000e+01
4.659999999999999432e+01
7.705000000000002558e+01
5.000000000000426326e-02
5.275000000000000000e+01
-1.634999999999998721e+01
-1.114999999999972857e+01
1.735000000000012932e+01
7.870000000000001705e+01
5.235000000000000142e+01
6.179999999999999005e+01
4.574999999999999289e+01
7.244999999999998863e+01
5.010000000000001563e+01
-2.704000000000000909e+02
3.010000000000011156e+01
-4.914999999999938041e+01
-5.009999999999988063e+01
-1.319999999999954809e+01
-5.499999999999573674e+00
3.209999999999996589e+01
4.645000000000008100e+01
-1.079999999999949267e+01
-9.149999999999899103e+00
8.914999999999997726e+01
4.614999999999999147e+01
4.414999999999994174e+01
6.200000000000347455e+00
5.100000000000000000e+01
5.905000000000000426e+01
1.680000000000020322e+01
5.234999999999995879e+01
-3.599999999999947420e+01
4.509999999999998010e+01
6.515000000000000568e+01
3.380000000000000426e+01
7.119999999999998863e+01
6.850000000000001421e+01
6.825000000000000000e+01
3.779999999999994742e+01
3.400000000000055422e+00
2.700000000000007816e+01
6.450000000000166267e+00
7.010000000000002274e+01
6.869999999999998863e+01
5.879999999999999005e+01
3.919999999999994600e+01
5.484999999999999432e+01
4.850000000000000711e+01
-8.940000000000043201e+01
3.935000000000010800e+01
-2.074999999999994316e+01
7.745000000000000284e+01
-5.814999999999970726e+01
1.699999999999988631e+00
6.750000000000111910e+00
4.055000000000014637e+01
6.459999999999999432e+01
2.675000000000004974e+01
4.944999999999999574e+01
-8.249999999999822364e+00
6.535000000000000853e+01
-9.545000000000113971e+01
5.649999999999995737e+01
6.500000000002259526e-01
-1.696500000000005741e+02
6.874999999999997158e+01
2.275000000000011369e+01
5.349999999999998579e+01
7.404999999999998295e+01
6.994999999999998863e+01
-1.699999999999987921e+01
3.409999999999999432e+01
5.500000000000042633e-01
7.394999999999998863e+01
2.140000000000001990e+01
2.910000000000031761e+01
4.619999999999996732e+01
6.500000000000000000e+00
1.970000000000001705e+01
-4.466500000000006025e+02
5.420000000000000995e+01
4.744999999999995310e+01
5.469999999999998153e+01
5.514999999999999147e+01
7.640000000000003411e+01
4.230000000000006111e+01
1.945000000000001705e+01
6.905000000000001137e+01
-1.199999999999986500e+01
7.480000000000001137e+01
3.509999999999990905e+01
2.510000000000000497e+01
-1.359999999999980247e+01
-3.435000000000005116e+01
6.040000000000001990e+01
5.500000000000003553e+01
-1.754999999999945004e+01
-2.994999999999996732e+01
6.434999999999999432e+01
9.900000000000002132e+00
4.459999999999999432e+01
1.810000000000018616e+01
6.790000000000000568e+01
3.125000000000001776e+01
3.600000000000285638e+00
2.185000000000004405e+01
6.139999999999998437e+01
5.719999999999999574e+01
6.914999999999999147e+01
-6.594999999999953388e+01
5.005000000000001137e+01
6.409999999999999432e+01
2.879999999999997584e+01
6.800000000000000000e+01
5.354999999999999716e+01
4.964999999999998437e+01
7.684999999999999432e+01
2.200000000000009237e+01
7.974999999999998579e+01
7.535000000000000853e+01
3.815000000000002700e+01
7.715000000000000568e+01
7.300000000000000000e+01
7.615000000000003411e+01
6.184999999999998010e+01
-4.064999999999972147e+01
6.375000000000002132e+01
-4.189999999999950120e+01
5.300000000000000000e+01
6.104999999999998295e+01
3.989999999999999147e+01
6.474999999999997158e+01
6.950000000000000000e+01
-1.334999999999990905e+01
3.299999999999997868e+01
8.044999999999998863e+01
5.469999999999997442e+01
-1.146500000000010004e+02
-2.004999999999986926e+01
-4.189500000000025466e+02
7.250000000000000000e+01
5.089999999999993463e+01
2.814999999999999147e+01
-2.820000000000005258e+01
6.245000000000002416e+01
6.970000000000000284e+01
6.269999999999999574e+01
1.705000000000014992e+01
4.090000000000003411e+01
6.635000000000002274e+01
-2.594999999999992824e+01
-8.649999999999998579e+01
-1.389999999999993179e+02
-1.065999999999999943e+02
5.394999999999999574e+01
4.700000000000011369e+01
-4.894999999999963336e+01
-3.749999999999808153e+00
-1.626999999999997328e+02
-1.114999999999951541e+01
1.045000000000014317e+01
6.910000000000002274e+01
5.419999999999997442e+01
6.425000000000000000e+01
6.684999999999999432e+01
2.285000000000018616e+01
5.074999999999992895e+01
8.284999999999999432e+01
4.824999999999998579e+01
7.419999999999996021e+01
-3.349999999999992895e+01
6.795000000000000284e+01
7.765000000000001990e+01
7.219999999999998863e+01
6.700000000000000000e+01
4.459999999999998721e+01
4.804999999999997584e+01
5.609999999999999432e+01
7.434999999999999432e+01
6.914999999999997726e+01
5.900000000000000711e+01
7.134999999999999432e+01
-1.644999999999981100e+01
3.495000000000007390e+01
8.050000000000004263e+01
6.784999999999998010e+01
5.404999999999999716e+01
4.954999999999999716e+01
1.305000000000006999e+01
7.290000000000000568e+01
-2.289999999999936620e+01
2.135000000000018616e+01
6.294999999999999574e+01
5.504999999999998295e+01
-1.799600000000010141e+03
3.759999999999996589e+01
2.000000000000298428e+00
1.400000000000028599e+01
2.540000000000005187e+01
5.910000000000001563e+01
7.574999999999997158e+01
2.525000000000008527e+01
7.605000000000001137e+01
6.084999999999995879e+01
5.840000000000001279e+01
-3.037999999999997840e+02
2.899999999999999289e+01
4.920000000000006679e+01
6.430000000000001137e+01
6.484999999999995168e+01
7.280000000000003979e+01
2.080000000000000782e+01
5.930000000000001137e+01
5.914999999999997016e+01
-8.749999999999843681e+00
6.404999999999999716e+01
-5.699999999999711520e+00
5.055000000000000426e+01
5.175000000000001421e+01
4.744999999999997442e+01
8.395000000000001705e+01
4.174999999999997868e+01
7.785000000000000853e+01
6.379999999999999005e+01
6.649999999999997158e+01
4.949999999999997868e+01
4.720000000000005258e+01
2.045000000000019469e+01
-7.300000000000027356e+00
-9.460000000000009379e+01
-2.764999999999996021e+02
1.569999999999999929e+01
4.714999999999999858e+01
-2.354999999999976268e+01
5.085000000000000853e+01
4.374999999999997868e+01
5.669999999999996732e+01
-1.444999999999933493e+01
6.019999999999998863e+01
4.494999999999997442e+01
-7.649999999999998579e+00
5.319999999999997442e+01
5.874999999999999289e+01
2.005000000000010729e+01
5.450000000000000000e+01
2.485000000000022169e+01
6.119999999999996021e+01
3.929999999999998295e+01
7.055000000000001137e+01
5.159999999999993037e+01
-1.994999999999978968e+01
3.785000000000008669e+01
3.884999999999996589e+01
6.439999999999997726e+01
5.809999999999998721e+01
6.374999999999999289e+01
1.050000000000008704e+01
4.679999999999999005e+01
-2.279999999999964189e+01
3.764999999999997016e+01
-3.049999999999727152e+00
9.900000000000035882e+00
5.590000000000000568e+01
5.899999999999998579e+01
8.070000000000000284e+01
1.665000000000008740e+01
-2.744999999999906493e+01
8.045000000000000284e+01
8.069999999999997442e+01
4.984999999999999432e+01
3.354999999999999005e+01
6.744999999999998863e+01
6.780000000000001137e+01
5.479999999999996163e+01
6.589999999999997726e+01
5.644999999999995310e+01
1.840000000000002345e+01
3.295000000000000284e+01
-6.749999999999431566e+00
3.670000000000017337e+01
-7.179999999999998295e+01
2.510000000000002984e+01
1.425000000000015632e+01
4.859999999999997300e+01
5.729999999999999005e+01
5.700000000000104095e+00
3.145000000000020890e+01
6.984999999999998010e+01
2.434999999999999076e+01
7.275000000000002842e+01
-3.609999999999994458e+01
7.505000000000001137e+01
5.515000000000000568e+01
7.515000000000000568e+01
8.659999999999999432e+01
4.614999999999995595e+01
6.685000000000002274e+01
3.180000000000003268e+01
-2.349999999999710099e+00
6.250000000000083489e+00
6.859999999999996589e+01
5.924999999999999289e+01
5.469999999999996732e+01
3.754999999999998295e+01
5.304999999999999005e+01
-7.824999999999963052e+01
5.329999999999999005e+01
5.359999999999998010e+01
3.545000000000005969e+01
-4.029999999999986926e+01
-1.100000000000000888e+01
5.225000000000000000e+01
7.404999999999998295e+01
5.959999999999997300e+01
4.910000000000002274e+01
8.130000000000001137e+01
7.859999999999999432e+01
-4.859999999999931219e+01
4.560000000000000142e+01
5.435000000000001563e+01
-2.464999999999983515e+01
-2.204999999999975557e+01
3.250000000000012790e+01
-4.294999999999954809e+01
6.094999999999991758e+01
6.154999999999996874e+01
-2.800000000000011369e+00
-8.299999999999386091e+00
7.519999999999998863e+01
4.314999999999999147e+01
-1.534499999999995339e+02
2.330000000000018190e+01
5.175000000000002132e+01
4.655000000000008242e+01
5.304999999999996874e+01
-2.919999999999885176e+01
4.625000000000000711e+01
5.599999999999994316e+01
7.609999999999999432e+01
6.790000000000000568e+01
3.194999999999998153e+01
3.824999999999998579e+01
5.684999999999998721e+01
-1.394999999999996021e+01
4.980000000000001137e+01
4.124999999999994316e+01
-5.089999999999969305e+01
2.319999999999993179e+01
5.000000000000001421e+01
6.460000000000002274e+01
-1.905000000000003268e+01
3.465000000000004832e+01
5.745000000000000995e+01
5.239999999999996305e+01
-9.789999999999923830e+01
6.300000000000000000e+01
8.020000000000000284e+01
4.430000000000006111e+01
6.899999999999997158e+01
5.634999999999997300e+01
-4.074999999999950973e+01
2.764999999999995595e+01
-1.428999999999993804e+02
2.554999999999997229e+01
6.705000000000001137e+01
6.739999999999997726e+01
6.114999999999996305e+01
7.419999999999998863e+01
1.984999999999999432e+01
5.920000000000002416e+01
-8.549999999999826628e+00
-1.228999999999995794e+02
1.935000000000002984e+01
4.920000000000001705e+01
6.625000000000000000e+01
6.310000000000002274e+01
4.269999999999998153e+01
1.344999999999999041e+01
2.775000000000005684e+01
6.650000000000002842e+01
7.460000000000002274e+01
-2.329999999999947136e+01
9.144999999999998863e+01
5.669999999999999574e+01
-7.999999999999971578e-01
6.515000000000000568e+01
4.439999999999999858e+01
3.134999999999999787e+01
4.279999999999997584e+01
6.270000000000000995e+01
6.504999999999999716e+01
7.469999999999998863e+01
-3.594999999999982521e+01
7.275000000000000000e+01
5.274999999999999289e+01
2.000000000001378453e-01
5.154999999999999716e+01
-1.075499999999999545e+02
9.900000000000126477e+00
3.000000000000011369e+01
2.850000000000008171e+01
5.784999999999998010e+01
5.185000000000000142e+01
6.904999999999998295e+01
5.395000000000000995e+01
-1.719999999999977547e+01
-9.100000000000008527e+00
5.985000000000000142e+01
7.000000000001591616e-01
-4.192500000000021032e+02
3.399999999999997158e+01
6.480000000000001137e+01
5.829999999999998295e+01
-5.399999999999903366e+01
1.070000000000009166e+01
4.485000000000000853e+01
5.690000000000001990e+01
6.994999999999997442e+01
7.840000000000001990e+01
6.114999999999995595e+01
8.899999999999982592e+00
6.259999999999999432e+01
6.475000000000000000e+01
4.760000000000004405e+01
5.479999999999999716e+01
-1.895000000000001705e+01
5.389999999999998437e+01
7.195000000000001705e+01
6.900000000000000000e+01
-1.975000000000001066e+01
4.949999999999996447e+01
4.804999999999999716e+01
5.794999999999997442e+01
5.925000000000001421e+01
2.585000000000010800e+01
4.560000000000002984e+01
8.355000000000012506e+01
2.780000000000018900e+01
6.929999999999999716e+01
5.399999999999999289e+01
-3.279999999999948557e+01
6.600000000000000000e+01
-1.290000000000003411e+01
3.260000000000000853e+01
6.819999999999998863e+01
5.669999999999999574e+01
1.929999999999999716e+01
-9.670000000000044338e+01
-2.014999999999987068e+01
5.084999999999999432e+01
-9.364999999999940883e+01
1.145000000000014317e+01
-9.599999999999745626e+00
7.820000000000001705e+01
5.400000000000000000e+01
5.850000000000083134e+00
5.964999999999999147e+01
6.299999999999999289e+01
5.044999999999996732e+01
5.770000000000000995e+01
8.220000000000001705e+01
5.849999999999996447e+01
7.230000000000001137e+01
5.239999999999998437e+01
7.114999999999997726e+01
5.784999999999995168e+01
7.465000000000000568e+01
-1.104999999999998863e+02
2.580000000000010374e+01
6.395000000000000995e+01
7.090000000000000568e+01
6.394999999999999574e+01
2.730000000000001847e+01
-7.414999999999933777e+01
6.910000000000000853e+01
7.529999999999998295e+01
6.940000000000000568e+01
-1.304999999999981952e+01
5.840000000000000568e+01
5.325000000000000000e+01
3.054999999999999361e+01
3.900000000000002132e+01
7.684999999999999432e+01
1.620000000000005969e+01
1.730000000000009663e+01
6.609999999999998010e+01
-6.069999999999926388e+01
1.095000000000011120e+01
-2.359999999999940457e+01
9.049999999999966960e+00
6.804999999999996874e+01
-2.873500000000006480e+02
1.744999999999998863e+01
4.570000000000000995e+01
6.360000000000000142e+01
8.000000000000001421e+01
2.140000000000016556e+01
-3.808000000000012619e+02
3.265000000000004832e+01
5.975000000000000000e+01
3.985000000000015064e+01
4.045000000000001705e+01
6.410000000000000853e+01
2.599999999999912603e+00
-4.464999999999923830e+01
4.450000000000263967e+00
7.050000000000274269e+00
6.879999999999998295e+01
4.254999999999996163e+01
7.084999999999999432e+01
5.589999999999999858e+01
2.959999999999999787e+01
7.084999999999999432e+01
3.345000000000000284e+01
7.190000000000000568e+01
5.909999999999999432e+01
-1.116999999999991076e+02
-1.789999999999990621e+01
2.580000000000015348e+01
5.004999999999999716e+01
-7.549999999999762679e+00
1.680000000000001137e+01
2.320000000000001350e+01
2.035000000000013998e+01
3.309999999999989484e+01
8.409999999999999432e+01
6.734999999999999432e+01
6.224999999999999289e+01
3.330000000000008242e+01
4.275000000000000000e+01
7.490000000000000568e+01
5.964999999999999858e+01
6.205000000000001137e+01
3.844999999999999574e+01
2.550000000000046896e+00
5.869999999999998863e+01
7.540000000000000568e+01
4.649999999999999289e+01
1.450000000000130740e+00
-5.095000000000039790e+02
7.130000000000001137e+01
1.100000000000008527e+00
7.054999999999998295e+01
3.045000000000002416e+01
6.570000000000000284e+01
6.339999999999999147e+01
7.444999999999998863e+01
-5.499999999998692601e-01
-1.436000000000000796e+02
8.589999999999999147e+01
-3.034999999999939035e+01
3.310000000000006537e+01
4.805000000000000426e+01
6.064999999999999147e+01
7.630000000000001137e+01
3.260000000000003695e+01
4.119999999999997442e+01
-2.344999999999969020e+01
6.875000000000000000e+01
-2.279999999999962057e+01
7.655000000000003979e+01
5.719999999999996732e+01
-9.664999999999955094e+01
-7.479999999999965610e+01
3.374999999999995026e+01
7.450000000000031264e+00
6.000000000000000000e+01
1.270000000000025331e+01
5.349999999999999289e+01
-2.649499999999998749e+02
-1.944999999999962625e+01
5.934999999999994458e+01
7.600000000000077804e+00
3.650000000000275691e+00
6.800000000000254730e+00
-3.690000000000000568e+01
2.925000000000014566e+01
-3.139999999999910330e+01
-4.124999999999975131e+01
4.940000000000010516e+01
5.255000000000001847e+01
