2.370000000000000000e+02
1.940000000000000000e+02
2.080000000000000000e+02
2.470000000000000000e+02
2.300000000000000000e+02
2.130000000000000000e+02
3.050000000000000000e+02
5.880000000000000000e+02
5.380000000000000000e+02
5.300000000000000000e+02
4.820000000000000000e+02
3.420000000000000000e+02
2.370000000000000000e+02
2.440000000000000000e+02
2.260000000000000000e+02
5.300000000000000000e+02
2.790000000000000000e+02
2.900000000000000000e+02
3.070000000000000000e+02
5.550000000000000000e+02
2.340000000000000000e+02
2.300000000000000000e+02
2.770000000000000000e+02
2.150000000000000000e+02
2.050000000000000000e+02
8.590000000000000000e+02
1.000000000000000000e+03
2.270000000000000000e+02
5.040000000000000000e+02
2.330000000000000000e+02
2.470000000000000000e+02
3.530000000000000000e+02
7.730000000000000000e+02
3.110000000000000000e+02
2.430000000000000000e+02
2.520000000000000000e+02
4.000000000000000000e+02
6.400000000000000000e+02
2.670000000000000000e+02
2.910000000000000000e+02
2.270000000000000000e+02
2.750000000000000000e+02
2.830000000000000000e+02
2.460000000000000000e+02
2.750000000000000000e+02
4.720000000000000000e+02
2.420000000000000000e+02
1.000000000000000000e+03
1.000000000000000000e+03
4.970000000000000000e+02
2.290000000000000000e+02
2.110000000000000000e+02
2.390000000000000000e+02
2.460000000000000000e+02
3.360000000000000000e+02
2.210000000000000000e+02
9.560000000000000000e+02
2.210000000000000000e+02
5.160000000000000000e+02
3.990000000000000000e+02
6.360000000000000000e+02
2.620000000000000000e+02
2.320000000000000000e+02
4.990000000000000000e+02
2.400000000000000000e+02
2.080000000000000000e+02
1.000000000000000000e+03
5.790000000000000000e+02
3.500000000000000000e+02
2.370000000000000000e+02
1.000000000000000000e+03
1.000000000000000000e+03
1.000000000000000000e+03
2.480000000000000000e+02
2.990000000000000000e+02
5.020000000000000000e+02
2.010000000000000000e+02
2.350000000000000000e+02
2.450000000000000000e+02
1.000000000000000000e+03
2.690000000000000000e+02
2.420000000000000000e+02
2.200000000000000000e+02
2.480000000000000000e+02
1.000000000000000000e+03
3.050000000000000000e+02
5.380000000000000000e+02
1.000000000000000000e+03
1.000000000000000000e+03
2.290000000000000000e+02
1.970000000000000000e+02
2.660000000000000000e+02
3.290000000000000000e+02
2.080000000000000000e+02
1.780000000000000000e+02
2.300000000000000000e+02
4.770000000000000000e+02
2.790000000000000000e+02
2.510000000000000000e+02
4.690000000000000000e+02
2.800000000000000000e+02
2.440000000000000000e+02
4.900000000000000000e+02
8.360000000000000000e+02
2.730000000000000000e+02
5.320000000000000000e+02
4.950000000000000000e+02
3.470000000000000000e+02
2.590000000000000000e+02
2.510000000000000000e+02
5.220000000000000000e+02
2.000000000000000000e+02
2.560000000000000000e+02
1.000000000000000000e+03
2.090000000000000000e+02
6.140000000000000000e+02
2.300000000000000000e+02
1.900000000000000000e+02
2.610000000000000000e+02
1.950000000000000000e+02
4.230000000000000000e+02
2.240000000000000000e+02
1.000000000000000000e+03
4.680000000000000000e+02
6.510000000000000000e+02
6.010000000000000000e+02
2.580000000000000000e+02
2.030000000000000000e+02
1.950000000000000000e+02
1.770000000000000000e+02
2.580000000000000000e+02
3.220000000000000000e+02
2.470000000000000000e+02
2.560000000000000000e+02
2.820000000000000000e+02
1.000000000000000000e+03
2.480000000000000000e+02
2.090000000000000000e+02
5.000000000000000000e+02
2.360000000000000000e+02
2.270000000000000000e+02
2.990000000000000000e+02
5.080000000000000000e+02
2.090000000000000000e+02
2.520000000000000000e+02
1.000000000000000000e+03
4.890000000000000000e+02
7.660000000000000000e+02
2.010000000000000000e+02
2.000000000000000000e+02
2.390000000000000000e+02
7.450000000000000000e+02
4.540000000000000000e+02
2.460000000000000000e+02
2.220000000000000000e+02
4.270000000000000000e+02
2.530000000000000000e+02
2.960000000000000000e+02
3.100000000000000000e+02
2.400000000000000000e+02
2.310000000000000000e+02
2.990000000000000000e+02
2.230000000000000000e+02
2.070000000000000000e+02
2.060000000000000000e+02
3.080000000000000000e+02
5.050000000000000000e+02
1.850000000000000000e+02
1.000000000000000000e+03
2.350000000000000000e+02
1.950000000000000000e+02
2.300000000000000000e+02
1.970000000000000000e+02
3.530000000000000000e+02
2.910000000000000000e+02
2.410000000000000000e+02
2.050000000000000000e+02
2.340000000000000000e+02
2.320000000000000000e+02
4.180000000000000000e+02
2.310000000000000000e+02
2.050000000000000000e+02
1.000000000000000000e+03
1.000000000000000000e+03
2.290000000000000000e+02
2.750000000000000000e+02
2.260000000000000000e+02
2.300000000000000000e+02
4.900000000000000000e+02
2.550000000000000000e+02
3.040000000000000000e+02
2.220000000000000000e+02
2.050000000000000000e+02
4.370000000000000000e+02
2.260000000000000000e+02
4.840000000000000000e+02
2.420000000000000000e+02
2.270000000000000000e+02
2.660000000000000000e+02
2.740000000000000000e+02
2.230000000000000000e+02
2.180000000000000000e+02
5.090000000000000000e+02
2.150000000000000000e+02
2.420000000000000000e+02
2.500000000000000000e+02
2.240000000000000000e+02
2.250000000000000000e+02
2.430000000000000000e+02
2.520000000000000000e+02
2.410000000000000000e+02
2.480000000000000000e+02
2.520000000000000000e+02
1.000000000000000000e+03
2.780000000000000000e+02
2.570000000000000000e+02
7.270000000000000000e+02
2.030000000000000000e+02
2.950000000000000000e+02
2.280000000000000000e+02
2.540000000000000000e+02
2.560000000000000000e+02
2.350000000000000000e+02
2.670000000000000000e+02
2.420000000000000000e+02
2.090000000000000000e+02
1.970000000000000000e+02
2.340000000000000000e+02
1.000000000000000000e+03
2.220000000000000000e+02
2.290000000000000000e+02
2.070000000000000000e+02
2.470000000000000000e+02
2.450000000000000000e+02
1.980000000000000000e+02
1.990000000000000000e+02
2.290000000000000000e+02
2.250000000000000000e+02
4.330000000000000000e+02
1.970000000000000000e+02
4.240000000000000000e+02
2.420000000000000000e+02
2.100000000000000000e+02
5.800000000000000000e+02
2.470000000000000000e+02
2.150000000000000000e+02
2.440000000000000000e+02
1.760000000000000000e+02
2.270000000000000000e+02
2.110000000000000000e+02
2.240000000000000000e+02
3.140000000000000000e+02
2.250000000000000000e+02
3.020000000000000000e+02
2.660000000000000000e+02
3.480000000000000000e+02
2.330000000000000000e+02
2.400000000000000000e+02
2.640000000000000000e+02
4.830000000000000000e+02
3.130000000000000000e+02
2.780000000000000000e+02
5.820000000000000000e+02
4.140000000000000000e+02
2.900000000000000000e+02
1.000000000000000000e+03
2.310000000000000000e+02
2.850000000000000000e+02
2.370000000000000000e+02
2.690000000000000000e+02
2.600000000000000000e+02
2.260000000000000000e+02
2.740000000000000000e+02
4.380000000000000000e+02
2.900000000000000000e+02
2.310000000000000000e+02
5.750000000000000000e+02
4.580000000000000000e+02
1.000000000000000000e+03
8.080000000000000000e+02
2.350000000000000000e+02
2.360000000000000000e+02
2.260000000000000000e+02
3.120000000000000000e+02
2.580000000000000000e+02
6.880000000000000000e+02
7.020000000000000000e+02
4.760000000000000000e+02
2.740000000000000000e+02
2.510000000000000000e+02
3.960000000000000000e+02
3.140000000000000000e+02
5.100000000000000000e+02
2.350000000000000000e+02
8.580000000000000000e+02
2.380000000000000000e+02
4.350000000000000000e+02
5.480000000000000000e+02
2.360000000000000000e+02
2.660000000000000000e+02
4.760000000000000000e+02
4.490000000000000000e+02
2.480000000000000000e+02
2.060000000000000000e+02
2.610000000000000000e+02
6.080000000000000000e+02
1.000000000000000000e+03
5.380000000000000000e+02
2.310000000000000000e+02
2.590000000000000000e+02
2.330000000000000000e+02
2.990000000000000000e+02
3.160000000000000000e+02
1.000000000000000000e+03
1.000000000000000000e+03
2.360000000000000000e+02
5.670000000000000000e+02
3.660000000000000000e+02
2.420000000000000000e+02
3.130000000000000000e+02
5.010000000000000000e+02
2.390000000000000000e+02
6.710000000000000000e+02
2.200000000000000000e+02
4.720000000000000000e+02
2.430000000000000000e+02
2.400000000000000000e+02
2.790000000000000000e+02
2.860000000000000000e+02
2.960000000000000000e+02
2.130000000000000000e+02
2.550000000000000000e+02
2.750000000000000000e+02
3.140000000000000000e+02
2.020000000000000000e+02
2.600000000000000000e+02
2.920000000000000000e+02
2.710000000000000000e+02
5.930000000000000000e+02
2.250000000000000000e+02
2.210000000000000000e+02
1.000000000000000000e+03
2.180000000000000000e+02
2.070000000000000000e+02
2.370000000000000000e+02
2.620000000000000000e+02
1.000000000000000000e+03
3.560000000000000000e+02
2.030000000000000000e+02
2.270000000000000000e+02
4.070000000000000000e+02
2.420000000000000000e+02
5.780000000000000000e+02
3.170000000000000000e+02
2.650000000000000000e+02
3.440000000000000000e+02
2.370000000000000000e+02
2.370000000000000000e+02
2.730000000000000000e+02
5.240000000000000000e+02
5.150000000000000000e+02
3.320000000000000000e+02
2.480000000000000000e+02
1.000000000000000000e+03
2.290000000000000000e+02
1.920000000000000000e+02
2.230000000000000000e+02
2.280000000000000000e+02
5.150000000000000000e+02
1.000000000000000000e+03
3.790000000000000000e+02
2.710000000000000000e+02
4.980000000000000000e+02
2.430000000000000000e+02
3.370000000000000000e+02
2.170000000000000000e+02
2.330000000000000000e+02
2.660000000000000000e+02
1.000000000000000000e+03
2.160000000000000000e+02
1.000000000000000000e+03
3.420000000000000000e+02
8.320000000000000000e+02
8.540000000000000000e+02
4.080000000000000000e+02
2.330000000000000000e+02
2.070000000000000000e+02
1.940000000000000000e+02
7.210000000000000000e+02
2.010000000000000000e+02
2.160000000000000000e+02
3.380000000000000000e+02
2.190000000000000000e+02
2.180000000000000000e+02
2.300000000000000000e+02
2.300000000000000000e+02
7.950000000000000000e+02
2.160000000000000000e+02
2.390000000000000000e+02
2.260000000000000000e+02
5.180000000000000000e+02
3.010000000000000000e+02
6.080000000000000000e+02
2.320000000000000000e+02
2.900000000000000000e+02
4.470000000000000000e+02
2.330000000000000000e+02
2.490000000000000000e+02
6.340000000000000000e+02
1.000000000000000000e+03
7.580000000000000000e+02
2.520000000000000000e+02
4.660000000000000000e+02
2.230000000000000000e+02
4.760000000000000000e+02
3.920000000000000000e+02
4.000000000000000000e+02
3.910000000000000000e+02
2.230000000000000000e+02
1.000000000000000000e+03
4.680000000000000000e+02
2.060000000000000000e+02
2.270000000000000000e+02
1.000000000000000000e+03
2.440000000000000000e+02
2.890000000000000000e+02
4.990000000000000000e+02
3.990000000000000000e+02
2.060000000000000000e+02
2.720000000000000000e+02
2.560000000000000000e+02
2.520000000000000000e+02
2.140000000000000000e+02
2.160000000000000000e+02
6.340000000000000000e+02
1.950000000000000000e+02
2.160000000000000000e+02
1.910000000000000000e+02
2.370000000000000000e+02
2.350000000000000000e+02
2.290000000000000000e+02
2.130000000000000000e+02
3.020000000000000000e+02
2.230000000000000000e+02
2.530000000000000000e+02
2.310000000000000000e+02
3.950000000000000000e+02
9.160000000000000000e+02
2.040000000000000000e+02
2.440000000000000000e+02
2.740000000000000000e+02
2.760000000000000000e+02
2.270000000000000000e+02
2.510000000000000000e+02
2.650000000000000000e+02
1.780000000000000000e+02
8.110000000000000000e+02
3.330000000000000000e+02
3.610000000000000000e+02
2.600000000000000000e+02
3.210000000000000000e+02
2.440000000000000000e+02
2.600000000000000000e+02
2.270000000000000000e+02
4.770000000000000000e+02
2.140000000000000000e+02
2.520000000000000000e+02
3.170000000000000000e+02
2.110000000000000000e+02
2.690000000000000000e+02
2.130000000000000000e+02
2.300000000000000000e+02
1.000000000000000000e+03
2.140000000000000000e+02
2.710000000000000000e+02
2.730000000000000000e+02
3.020000000000000000e+02
6.520000000000000000e+02
5.200000000000000000e+02
2.200000000000000000e+02
2.130000000000000000e+02
1.800000000000000000e+02
2.310000000000000000e+02
5.770000000000000000e+02
1.000000000000000000e+03
3.230000000000000000e+02
1.000000000000000000e+03
8.280000000000000000e+02
2.450000000000000000e+02
2.130000000000000000e+02
5.620000000000000000e+02
3.860000000000000000e+02
2.470000000000000000e+02
3.420000000000000000e+02
2.320000000000000000e+02
2.260000000000000000e+02
2.440000000000000000e+02
1.000000000000000000e+03
2.170000000000000000e+02
1.950000000000000000e+02
2.230000000000000000e+02
2.480000000000000000e+02
6.930000000000000000e+02
4.980000000000000000e+02
2.400000000000000000e+02
3.060000000000000000e+02
2.280000000000000000e+02
2.450000000000000000e+02
5.270000000000000000e+02
2.430000000000000000e+02
2.660000000000000000e+02
2.370000000000000000e+02
2.070000000000000000e+02
2.790000000000000000e+02
2.440000000000000000e+02
3.310000000000000000e+02
2.530000000000000000e+02
2.490000000000000000e+02
2.410000000000000000e+02
2.300000000000000000e+02
3.020000000000000000e+02
6.860000000000000000e+02
2.330000000000000000e+02
2.700000000000000000e+02
3.000000000000000000e+02
1.000000000000000000e+03
3.740000000000000000e+02
2.230000000000000000e+02
2.820000000000000000e+02
2.190000000000000000e+02
3.340000000000000000e+02
2.030000000000000000e+02
2.280000000000000000e+02
2.690000000000000000e+02
6.040000000000000000e+02
2.030000000000000000e+02
2.090000000000000000e+02
2.660000000000000000e+02
2.180000000000000000e+02
2.460000000000000000e+02
2.930000000000000000e+02
2.150000000000000000e+02
2.600000000000000000e+02
2.140000000000000000e+02
3.870000000000000000e+02
2.150000000000000000e+02
2.290000000000000000e+02
5.090000000000000000e+02
2.400000000000000000e+02
7.080000000000000000e+02
2.810000000000000000e+02
6.430000000000000000e+02
2.320000000000000000e+02
4.650000000000000000e+02
6.520000000000000000e+02
4.540000000000000000e+02
2.160000000000000000e+02
2.370000000000000000e+02
2.310000000000000000e+02
2.100000000000000000e+02
2.110000000000000000e+02
1.000000000000000000e+03
2.830000000000000000e+02
7.230000000000000000e+02
2.380000000000000000e+02
4.720000000000000000e+02
4.780000000000000000e+02
2.350000000000000000e+02
2.570000000000000000e+02
1.000000000000000000e+03
6.400000000000000000e+02
1.000000000000000000e+03
2.570000000000000000e+02
2.070000000000000000e+02
2.580000000000000000e+02
2.580000000000000000e+02
5.240000000000000000e+02
2.200000000000000000e+02
1.970000000000000000e+02
2.130000000000000000e+02
2.140000000000000000e+02
2.080000000000000000e+02
2.440000000000000000e+02
2.280000000000000000e+02
2.390000000000000000e+02
1.900000000000000000e+02
2.340000000000000000e+02
2.640000000000000000e+02
2.520000000000000000e+02
2.630000000000000000e+02
2.700000000000000000e+02
2.190000000000000000e+02
4.910000000000000000e+02
2.380000000000000000e+02
6.780000000000000000e+02
2.150000000000000000e+02
4.620000000000000000e+02
2.630000000000000000e+02
2.630000000000000000e+02
5.290000000000000000e+02
2.250000000000000000e+02
2.380000000000000000e+02
2.010000000000000000e+02
2.260000000000000000e+02
6.260000000000000000e+02
2.500000000000000000e+02
2.120000000000000000e+02
4.770000000000000000e+02
2.650000000000000000e+02
6.080000000000000000e+02
3.000000000000000000e+02
2.290000000000000000e+02
2.640000000000000000e+02
2.110000000000000000e+02
6.710000000000000000e+02
2.180000000000000000e+02
2.250000000000000000e+02
2.300000000000000000e+02
2.370000000000000000e+02
2.300000000000000000e+02
1.000000000000000000e+03
9.520000000000000000e+02
1.960000000000000000e+02
5.770000000000000000e+02
3.690000000000000000e+02
1.000000000000000000e+03
5.150000000000000000e+02
2.160000000000000000e+02
2.150000000000000000e+02
5.610000000000000000e+02
3.130000000000000000e+02
6.580000000000000000e+02
2.410000000000000000e+02
4.400000000000000000e+02
2.300000000000000000e+02
3.910000000000000000e+02
2.500000000000000000e+02
4.370000000000000000e+02
2.260000000000000000e+02
6.550000000000000000e+02
2.640000000000000000e+02
2.800000000000000000e+02
2.520000000000000000e+02
2.200000000000000000e+02
6.390000000000000000e+02
2.030000000000000000e+02
2.330000000000000000e+02
2.240000000000000000e+02
5.880000000000000000e+02
2.650000000000000000e+02
4.780000000000000000e+02
2.200000000000000000e+02
2.410000000000000000e+02
2.520000000000000000e+02
2.460000000000000000e+02
2.060000000000000000e+02
2.170000000000000000e+02
2.290000000000000000e+02
2.780000000000000000e+02
1.000000000000000000e+03
2.240000000000000000e+02
2.510000000000000000e+02
2.030000000000000000e+02
2.770000000000000000e+02
2.490000000000000000e+02
5.450000000000000000e+02
1.000000000000000000e+03
2.190000000000000000e+02
2.210000000000000000e+02
2.650000000000000000e+02
2.240000000000000000e+02
2.360000000000000000e+02
2.290000000000000000e+02
9.010000000000000000e+02
1.930000000000000000e+02
2.730000000000000000e+02
2.290000000000000000e+02
4.360000000000000000e+02
1.800000000000000000e+02
2.880000000000000000e+02
4.490000000000000000e+02
6.980000000000000000e+02
2.520000000000000000e+02
2.330000000000000000e+02
4.410000000000000000e+02
1.860000000000000000e+02
1.970000000000000000e+02
2.550000000000000000e+02
6.450000000000000000e+02
2.490000000000000000e+02
2.770000000000000000e+02
4.470000000000000000e+02
3.620000000000000000e+02
4.200000000000000000e+02
2.030000000000000000e+02
2.290000000000000000e+02
2.160000000000000000e+02
2.190000000000000000e+02
2.580000000000000000e+02
7.610000000000000000e+02
1.000000000000000000e+03
2.150000000000000000e+02
4.270000000000000000e+02
3.680000000000000000e+02
2.180000000000000000e+02
2.800000000000000000e+02
1.000000000000000000e+03
2.480000000000000000e+02
3.040000000000000000e+02
1.000000000000000000e+03
1.000000000000000000e+03
1.950000000000000000e+02
3.420000000000000000e+02
2.340000000000000000e+02
4.500000000000000000e+02
2.340000000000000000e+02
6.340000000000000000e+02
2.240000000000000000e+02
7.700000000000000000e+02
2.290000000000000000e+02
3.480000000000000000e+02
2.540000000000000000e+02
2.390000000000000000e+02
1.000000000000000000e+03
1.000000000000000000e+03
2.100000000000000000e+02
2.200000000000000000e+02
2.870000000000000000e+02
6.250000000000000000e+02
2.440000000000000000e+02
5.530000000000000000e+02
3.120000000000000000e+02
3.210000000000000000e+02
4.610000000000000000e+02
4.700000000000000000e+02
2.450000000000000000e+02
2.580000000000000000e+02
4.860000000000000000e+02
3.260000000000000000e+02
2.310000000000000000e+02
2.780000000000000000e+02
5.480000000000000000e+02
2.610000000000000000e+02
2.520000000000000000e+02
1.000000000000000000e+03
2.320000000000000000e+02
5.250000000000000000e+02
2.230000000000000000e+02
2.220000000000000000e+02
2.470000000000000000e+02
5.130000000000000000e+02
2.330000000000000000e+02
2.540000000000000000e+02
2.410000000000000000e+02
2.350000000000000000e+02
2.240000000000000000e+02
2.970000000000000000e+02
2.760000000000000000e+02
2.790000000000000000e+02
4.330000000000000000e+02
2.170000000000000000e+02
3.620000000000000000e+02
4.060000000000000000e+02
4.290000000000000000e+02
2.690000000000000000e+02
2.450000000000000000e+02
2.260000000000000000e+02
2.300000000000000000e+02
2.330000000000000000e+02
4.680000000000000000e+02
2.220000000000000000e+02
2.030000000000000000e+02
4.210000000000000000e+02
5.080000000000000000e+02
9.130000000000000000e+02
1.000000000000000000e+03
6.720000000000000000e+02
2.280000000000000000e+02
2.590000000000000000e+02
2.250000000000000000e+02
3.030000000000000000e+02
3.390000000000000000e+02
2.330000000000000000e+02
1.970000000000000000e+02
2.070000000000000000e+02
2.290000000000000000e+02
4.870000000000000000e+02
4.220000000000000000e+02
2.170000000000000000e+02
2.460000000000000000e+02
1.900000000000000000e+02
2.470000000000000000e+02
2.510000000000000000e+02
2.760000000000000000e+02
2.160000000000000000e+02
2.380000000000000000e+02
7.390000000000000000e+02
2.100000000000000000e+02
2.170000000000000000e+02
2.460000000000000000e+02
5.120000000000000000e+02
2.580000000000000000e+02
2.850000000000000000e+02
2.200000000000000000e+02
2.170000000000000000e+02
5.960000000000000000e+02
2.370000000000000000e+02
2.170000000000000000e+02
4.230000000000000000e+02
4.930000000000000000e+02
4.350000000000000000e+02
4.740000000000000000e+02
2.400000000000000000e+02
2.320000000000000000e+02
2.550000000000000000e+02
2.400000000000000000e+02
2.830000000000000000e+02
2.780000000000000000e+02
5.040000000000000000e+02
1.960000000000000000e+02
1.000000000000000000e+03
4.870000000000000000e+02
1.780000000000000000e+02
6.410000000000000000e+02
2.560000000000000000e+02
2.410000000000000000e+02
2.860000000000000000e+02
2.760000000000000000e+02
2.650000000000000000e+02
2.850000000000000000e+02
2.100000000000000000e+02
5.060000000000000000e+02
1.000000000000000000e+03
2.720000000000000000e+02
2.350000000000000000e+02
2.140000000000000000e+02
1.000000000000000000e+03
2.840000000000000000e+02
4.070000000000000000e+02
2.560000000000000000e+02
2.390000000000000000e+02
5.860000000000000000e+02
8.600000000000000000e+02
3.390000000000000000e+02
6.340000000000000000e+02
3.100000000000000000e+02
2.020000000000000000e+02
2.270000000000000000e+02
3.060000000000000000e+02
2.690000000000000000e+02
2.330000000000000000e+02
2.910000000000000000e+02
2.160000000000000000e+02
3.290000000000000000e+02
2.660000000000000000e+02
4.290000000000000000e+02
1.980000000000000000e+02
2.510000000000000000e+02
3.070000000000000000e+02
2.030000000000000000e+02
3.610000000000000000e+02
2.640000000000000000e+02
2.130000000000000000e+02
2.950000000000000000e+02
3.080000000000000000e+02
4.560000000000000000e+02
2.150000000000000000e+02
2.280000000000000000e+02
3.480000000000000000e+02
3.120000000000000000e+02
2.300000000000000000e+02
2.500000000000000000e+02
1.000000000000000000e+03
2.630000000000000000e+02
2.820000000000000000e+02
1.000000000000000000e+03
2.770000000000000000e+02
2.250000000000000000e+02
2.050000000000000000e+02
2.070000000000000000e+02
2.650000000000000000e+02
3.820000000000000000e+02
2.750000000000000000e+02
2.420000000000000000e+02
2.130000000000000000e+02
2.870000000000000000e+02
2.610000000000000000e+02
2.700000000000000000e+02
5.800000000000000000e+02
2.030000000000000000e+02
3.080000000000000000e+02
2.800000000000000000e+02
3.090000000000000000e+02
2.100000000000000000e+02
6.850000000000000000e+02
2.700000000000000000e+02
2.320000000000000000e+02
8.530000000000000000e+02
2.840000000000000000e+02
2.360000000000000000e+02
6.410000000000000000e+02
1.950000000000000000e+02
1.990000000000000000e+02
3.520000000000000000e+02
2.250000000000000000e+02
2.130000000000000000e+02
2.720000000000000000e+02
2.170000000000000000e+02
2.250000000000000000e+02
2.240000000000000000e+02
2.040000000000000000e+02
2.200000000000000000e+02
1.000000000000000000e+03
4.870000000000000000e+02
2.110000000000000000e+02
2.220000000000000000e+02
2.320000000000000000e+02
2.210000000000000000e+02
2.400000000000000000e+02
7.480000000000000000e+02
2.850000000000000000e+02
4.450000000000000000e+02
1.750000000000000000e+02
6.730000000000000000e+02
2.250000000000000000e+02
4.000000000000000000e+02
2.290000000000000000e+02
2.980000000000000000e+02
6.640000000000000000e+02
2.830000000000000000e+02
3.870000000000000000e+02
2.650000000000000000e+02
2.670000000000000000e+02
1.910000000000000000e+02
2.290000000000000000e+02
2.190000000000000000e+02
2.830000000000000000e+02
5.630000000000000000e+02
2.860000000000000000e+02
2.540000000000000000e+02
6.950000000000000000e+02
2.450000000000000000e+02
1.670000000000000000e+02
2.450000000000000000e+02
1.000000000000000000e+03
2.450000000000000000e+02
4.160000000000000000e+02
2.110000000000000000e+02
2.560000000000000000e+02
2.590000000000000000e+02
1.000000000000000000e+03
2.220000000000000000e+02
2.790000000000000000e+02
3.400000000000000000e+02
2.410000000000000000e+02
2.230000000000000000e+02
1.000000000000000000e+03
1.810000000000000000e+02
2.430000000000000000e+02
6.460000000000000000e+02
5.510000000000000000e+02
2.540000000000000000e+02
1.000000000000000000e+03
2.500000000000000000e+02
1.810000000000000000e+02
2.190000000000000000e+02
4.450000000000000000e+02
2.740000000000000000e+02
2.820000000000000000e+02
4.160000000000000000e+02
1.000000000000000000e+03
2.310000000000000000e+02
4.160000000000000000e+02
2.690000000000000000e+02
2.140000000000000000e+02
4.580000000000000000e+02
2.750000000000000000e+02
1.000000000000000000e+03
2.070000000000000000e+02
2.770000000000000000e+02
2.230000000000000000e+02
1.000000000000000000e+03
2.360000000000000000e+02
2.120000000000000000e+02
2.540000000000000000e+02
2.540000000000000000e+02
2.030000000000000000e+02
1.930000000000000000e+02
2.410000000000000000e+02
1.990000000000000000e+02
4.500000000000000000e+02
2.160000000000000000e+02
2.230000000000000000e+02
2.110000000000000000e+02
2.650000000000000000e+02
6.240000000000000000e+02
3.920000000000000000e+02
4.040000000000000000e+02
3.100000000000000000e+02
2.180000000000000000e+02
