5.965000000000001990e+01
3.345000000000002416e+01
5.985000000000000853e+01
5.095000000000000284e+01
6.414999999999997726e+01
6.434999999999996589e+01
4.390000000000008384e+01
-8.149999999999693046e+00
1.945000000000000995e+01
8.499999999999968026e+00
4.500000000000163425e+00
3.459999999999999432e+01
7.300000000000000000e+01
6.685000000000000853e+01
6.039999999999999858e+01
-1.979999999999980531e+01
5.804999999999997584e+01
6.204999999999998295e+01
6.430000000000001137e+01
1.105000000000007709e+01
5.339999999999999858e+01
8.509999999999996589e+01
3.719999999999999574e+01
4.889999999999999858e+01
7.314999999999997726e+01
-3.369999999999918572e+01
1.999999999999602096e-01
7.425000000000000000e+01
4.800000000000130385e+00
6.829999999999998295e+01
5.440000000000000568e+01
-2.250000000000007105e+00
-9.010000000000161435e+01
5.860000000000000142e+01
2.354999999999998295e+01
7.685000000000000853e+01
3.244999999999997442e+01
-5.314999999999949409e+01
6.204999999999998295e+01
5.629999999999992610e+01
7.460000000000000853e+01
5.594999999999998153e+01
5.525000000000000711e+01
5.304999999999999716e+01
6.849999999999997868e+00
8.850000000000273204e+00
7.359999999999996589e+01
-2.235000000000000853e+01
-1.983999999999999773e+02
2.920000000000002771e+01
4.705000000000000426e+01
4.949999999999998579e+01
5.989999999999999858e+01
4.389999999999997726e+01
3.765000000000011227e+01
5.285000000000005116e+01
-8.238999999999999773e+02
5.979999999999999005e+01
-1.334999999999988773e+01
-4.650000000000027001e+00
-4.319999999999959073e+01
7.374999999999997158e+01
7.134999999999996589e+01
1.395000000000028884e+01
8.475000000000001421e+01
8.195000000000001705e+01
-6.429999999999996874e+01
4.100000000000007105e+01
4.804999999999998295e+01
7.659999999999999432e+01
-5.095000000000003837e+01
-2.092000000000000455e+02
-1.239999999999998614e+01
4.235000000000005116e+01
2.524999999999996447e+01
9.200000000000054357e+00
6.870000000000001705e+01
6.880000000000001137e+01
3.239999999999999147e+01
-3.503200000000040291e+03
4.699999999999999289e+01
3.149999999999998579e+01
3.894999999999996732e+01
7.204999999999998295e+01
-1.742000000000001592e+02
5.159999999999998010e+01
-1.494999999999987494e+01
-1.820000000000000568e+02
-1.610999999999996248e+02
7.035000000000003695e+01
6.725000000000002842e+01
5.669999999999997442e+01
3.889999999999999858e+01
8.059999999999999432e+01
7.405000000000001137e+01
7.414999999999999147e+01
-1.044999999999987494e+01
6.625000000000000000e+01
7.400000000000002842e+01
-9.199999999999846523e+00
4.740000000000000568e+01
4.560000000000002984e+01
2.884999999999997300e+01
-1.315499999999993008e+02
2.814999999999997726e+01
-4.259000000000004320e+02
-4.999999999999822364e+00
-1.980999999999998522e+02
1.810000000000000142e+01
8.790000000000000568e+01
-3.109999999999961062e+01
7.930000000000001137e+01
6.314999999999994174e+01
-1.020000000000000462e+01
6.929999999999996874e+01
-3.999999999999346301e-01
7.389999999999997726e+01
8.140000000000003411e+01
6.339999999999997726e+01
8.519999999999998863e+01
-4.069999999999974705e+01
7.475000000000000000e+01
-2.642099999999983538e+03
4.085000000000002984e+01
-8.789999999999959357e+01
-4.879999999999961346e+01
5.809999999999999432e+01
6.919999999999997442e+01
4.425000000000001421e+01
7.810000000000000853e+01
6.064999999999999147e+01
6.204999999999999005e+01
6.729999999999998295e+01
7.299999999999997158e+01
3.489999999999999147e+01
-1.174999999999983835e+01
3.584999999999998010e+01
6.235000000000000142e+01
1.800000000000009237e+01
5.289999999999999147e+01
6.249999999999999289e+01
3.369999999999999574e+01
5.499999999999959144e+00
6.200000000000001421e+01
2.739999999999997016e+01
-2.815000000000020464e+02
-2.579999999999947846e+01
-4.119999999999965468e+01
7.294999999999998863e+01
4.269999999999997442e+01
7.570000000000001705e+01
-1.889999999999942304e+01
3.325000000000009948e+01
4.435000000000000853e+01
7.009999999999999432e+01
3.935000000000003695e+01
5.140000000000002700e+01
6.644999999999997442e+01
3.409999999999998721e+01
5.734999999999999432e+01
6.810000000000002274e+01
3.134999999999998721e+01
5.914999999999998437e+01
3.829999999999998295e+01
5.019999999999998863e+01
3.424999999999998579e+01
2.874999999999997513e+01
6.340000000000001279e+01
-1.840000000000000000e+02
6.924999999999998579e+01
8.305000000000003979e+01
8.205000000000001137e+01
7.384999999999999432e+01
6.475000000000000000e+01
5.105000000000001137e+01
6.419999999999998863e+01
6.064999999999999858e+01
3.569999999999999574e+01
5.900000000000000000e+01
1.200000000000001243e+01
8.055000000000001137e+01
6.919999999999996021e+01
7.199999999999995737e+00
-2.019999999999902229e+01
7.184999999999996589e+01
4.994999999999998863e+01
7.850000000000000000e+01
8.190000000000003411e+01
-6.849999999999916156e+00
6.690000000000000568e+01
6.955000000000001137e+01
6.099999999999996447e+01
7.590000000000000568e+01
4.384999999999998721e+01
7.925000000000001421e+01
2.300000000000252953e+00
6.919999999999998863e+01
7.340000000000000568e+01
7.445000000000000284e+01
2.145000000000000639e+01
7.490000000000000568e+01
3.199999999999998579e+01
-6.099999999999972999e+01
8.245000000000000284e+01
5.484999999999999432e+01
6.775000000000001421e+01
6.720000000000001705e+01
2.595000000000000995e+01
6.039999999999998437e+01
6.214999999999999858e+01
6.770000000000001705e+01
5.664999999999996305e+01
6.774999999999997158e+01
-3.454999999999978400e+01
3.020000000000007390e+01
7.339999999999999147e+01
-2.064999999999966462e+01
7.159999999999998010e+01
2.800000000000000000e+01
4.005000000000000426e+01
2.070000000000003837e+01
5.989999999999998437e+01
7.714999999999997726e+01
7.224999999999998579e+01
2.200000000000000000e+01
4.635000000000000142e+01
7.909999999999999432e+01
6.374999999999999289e+01
-4.384999999999992326e+01
7.534999999999999432e+01
6.334999999999997300e+01
1.930000000000002558e+01
6.254999999999999005e+01
6.974999999999998579e+01
7.675000000000001421e+01
7.459999999999998010e+01
7.765000000000000568e+01
8.015000000000003411e+01
2.670000000000005969e+01
7.520000000000001705e+01
1.825000000000026290e+01
6.954999999999995453e+01
5.464999999999999858e+01
-7.989999999999940883e+01
5.305000000000001847e+01
6.035000000000000853e+01
7.530000000000001137e+01
8.484999999999998010e+01
5.670000000000001705e+01
6.944999999999996021e+01
7.170000000000001705e+01
2.019999999999999218e+01
6.770000000000001705e+01
2.959999999999999787e+01
6.030000000000000426e+01
1.684999999999999787e+01
5.364999999999999147e+01
4.940000000000004832e+01
6.744999999999998863e+01
3.555000000000006821e+01
5.849999999999997868e+01
6.455000000000001137e+01
-4.039999999999891145e+01
6.359999999999999432e+01
6.244999999999995310e+01
-5.864999999999952962e+01
4.680000000000003268e+01
5.455000000000001137e+01
6.680000000000001137e+01
7.175000000000002842e+01
4.440000000000001990e+01
7.210000000000002274e+01
3.904999999999999716e+01
3.875000000000009237e+01
5.579999999999999005e+01
5.965000000000001279e+01
5.000000000024584779e-02
2.955000000000002558e+01
-4.559999999999972431e+01
-6.240000000000023306e+01
7.465000000000000568e+01
3.600000000000004974e+01
6.225000000000000000e+01
-3.830000000000001847e+01
6.179999999999999716e+01
-9.999999999991615596e-02
-2.194999999999962625e+01
3.564999999999995595e+01
8.150000000000005684e+00
1.845000000000000284e+01
1.765000000000004832e+01
5.315000000000001279e+01
-1.289999999999988489e+01
7.225000000000000000e+01
-1.016500000000001762e+02
7.409999999999996589e+01
4.750000000000307310e+00
3.469999999999999574e+01
7.465000000000000568e+01
5.054999999999999005e+01
7.400000000000108713e+00
4.110000000000024301e+01
2.885000000000001918e+01
4.729999999999997584e+01
3.584999999999998010e+01
-1.001999999999990223e+02
3.570000000000000284e+01
-2.849999999999951683e+01
6.180000000000002558e+01
5.319999999999999574e+01
4.599999999999998579e+01
5.995000000000001705e+01
-2.625000000000000000e+01
-1.413000000000000000e+03
-7.949999999999967315e+00
6.490000000000003411e+01
-1.349999999999982947e+01
1.940000000000005898e+01
7.104999999999998295e+01
2.855000000000000426e+01
1.390000000000010338e+01
7.940000000000000568e+01
-6.849999999999290878e+00
6.240000000000001279e+01
2.005000000000013216e+01
5.345000000000000284e+01
6.425000000000001421e+01
6.104999999999996874e+01
6.219999999999999574e+01
6.600000000000000000e+01
4.350000000000000711e+01
5.384999999999998010e+01
3.509999999999998721e+01
5.200000000000002842e+01
7.934999999999998010e+01
4.724999999999998579e+01
4.080000000000001847e+01
7.340000000000000568e+01
-4.309999999999953246e+01
5.659999999999999432e+01
5.484999999999997300e+01
-1.894500000000019782e+02
5.159999999999995879e+01
5.350000000000001421e+01
8.000000000000184741e-01
4.824999999999996447e+01
-1.028999999999989399e+02
3.550000000000245848e+00
5.229999999999997584e+01
6.245000000000000995e+01
-9.324999999999971578e+01
6.404999999999998295e+01
7.050000000000558487e+00
1.680000000000008953e+01
7.160000000000002274e+01
5.770000000000000284e+01
7.855000000000001137e+01
6.719999999999998863e+01
6.160000000000000853e+01
-1.004999999999973426e+01
4.104999999999994742e+01
2.639999999999998437e+01
6.705000000000001137e+01
-2.860000000000002274e+02
4.814999999999998437e+01
7.329999999999998295e+01
7.970000000000000284e+01
3.480000000000003268e+01
-1.779999999999979821e+01
-1.779499999999997328e+02
2.910000000000015064e+01
5.734999999999998721e+01
1.515000000000011582e+01
4.029999999999997584e+01
5.054999999999996163e+01
7.975000000000000000e+01
5.465000000000002700e+01
4.130000000000007532e+01
-3.269999999999996732e+01
7.144999999999998863e+01
-1.149900000000000318e+03
2.229999999999999716e+01
-7.615000000000053149e+01
-1.171000000000010743e+02
5.929999999999996163e+01
6.979999999999998295e+01
7.404999999999998295e+01
6.795000000000000284e+01
-1.699999999999948841e+01
8.115000000000000568e+01
7.370000000000001705e+01
2.925000000000000000e+01
7.005000000000001137e+01
6.155000000000001137e+01
6.750000000000000000e+01
6.079999999999999005e+01
-4.384999999999927667e+01
8.885000000000005116e+01
3.865000000000000568e+01
4.499999999999997868e+01
2.665000000000000568e+01
3.049999999999961631e+00
6.900000000000099831e+00
5.244999999999996732e+01
4.174999999999997868e+01
3.410000000000015064e+01
5.339999999999999858e+01
7.310000000000005116e+01
-4.409999999999924114e+01
2.775000000000002842e+01
-4.549999999999930367e+01
8.425000000000000000e+01
-2.039999999999967173e+01
7.025000000000002842e+01
3.530000000000000426e+01
3.510000000000003695e+01
-1.973499999999998238e+02
2.249999999999995737e+01
6.164999999999999858e+01
-2.833500000000008754e+02
-1.265000000000004121e+01
8.300000000000002842e+01
5.955000000000000426e+01
-2.265000000000003411e+01
6.164999999999995595e+01
6.369999999999998863e+01
-2.884999999999993037e+01
-8.784999999999946851e+01
8.679999999999996874e+01
4.669999999999998863e+01
5.990000000000001990e+01
8.409999999999998010e+01
5.679999999999998295e+01
7.705000000000003979e+01
1.040000000000053682e+01
5.434999999999999432e+01
5.199999999999999289e+01
6.290000000000001279e+01
7.815000000000001990e+01
6.225000000000000711e+01
5.425000000000000711e+01
6.965000000000000568e+01
-1.500000000000198952e-01
6.904999999999998295e+01
7.760000000000002274e+01
3.115000000000006253e+01
2.710000000000005116e+01
-5.509999999999936904e+01
8.540000000000000568e+01
5.400000000000004263e+01
5.560000000000002274e+01
7.180000000000001137e+01
6.915000000000000568e+01
5.735000000000000142e+01
6.104999999999997584e+01
5.890000000000000568e+01
-1.732999999999999829e+02
5.985000000000002274e+01
2.785000000000001563e+01
4.625000000000002132e+01
2.765000000000001279e+01
6.379999999999999716e+01
6.719999999999998863e+01
6.580000000000001137e+01
1.500000000000014388e+01
7.025000000000002842e+01
3.019999999999997442e+01
4.070000000000002416e+01
6.565000000000000568e+01
5.050000000000000000e+01
5.529999999999998295e+01
7.900000000000001421e+01
2.170000000000001350e+01
5.440000000000003411e+01
5.429999999999999716e+01
2.805000000000001137e+01
4.639999999999999147e+01
-7.449999999999697309e+00
1.815000000000012648e+01
6.704999999999999716e+01
4.795000000000004547e+01
7.525000000000000000e+01
5.984999999999998721e+01
-1.183499999999999375e+02
-1.715000000000001279e+01
5.089999999999996305e+01
-9.549999999999988631e+01
-1.183499999999996533e+02
5.050000000000006395e+01
8.969999999999998863e+01
2.190000000000002700e+01
1.475000000000020783e+01
7.284999999999999432e+01
2.820000000000002771e+01
7.280000000000001137e+01
6.459999999999998010e+01
4.535000000000001563e+01
-2.040000000000002700e+01
6.364999999999999858e+01
5.339999999999997726e+01
8.384999999999999432e+01
5.944999999999999574e+01
-3.174999999999912603e+01
3.569999999999994600e+01
7.565000000000000568e+01
4.710000000000002984e+01
5.920000000000000995e+01
6.215000000000001279e+01
1.630000000000014282e+01
6.154999999999998295e+01
5.800000000000000000e+01
6.115000000000000568e+01
5.799999999999998579e+01
7.085000000000002274e+01
4.935000000000004405e+01
1.695000000000003126e+01
5.104999999999995453e+01
6.054999999999999005e+01
8.350000000000000000e+01
7.920000000000001705e+01
1.790000000000002700e+01
-1.669999999999986784e+01
8.474999999999997158e+01
4.694999999999998153e+01
3.920000000000005258e+01
-2.200999999999997669e+02
-3.650000000000027001e+00
4.959999999999999432e+01
5.285000000000000853e+01
7.720000000000000284e+01
9.000000000000060396e+00
6.965000000000000568e+01
6.720000000000001705e+01
3.929999999999992610e+01
7.750000000000090594e+00
8.530000000000001137e+01
8.524999999999997158e+01
5.299999999999995737e+01
4.794999999999996732e+01
5.004999999999996163e+01
7.115000000000003411e+01
6.984999999999999432e+01
5.950000000000000000e+01
6.914999999999999147e+01
8.700000000000271072e+00
5.390000000000002700e+01
6.850000000000002842e+01
2.385000000000014353e+01
4.925000000000002842e+01
-1.384000000000006878e+02
6.160000000000000853e+01
-1.924999999999965183e+01
5.619999999999998153e+01
4.049999999999995737e+01
2.410000000000010800e+01
8.000000000002032152e-01
8.515000000000000568e+01
6.375000000000000000e+01
7.770000000000001705e+01
7.989999999999999147e+01
6.484999999999995168e+01
-5.156500000000060027e+02
4.794999999999998153e+01
4.500000000000181188e+00
7.890000000000000568e+01
-5.399999999999913314e+00
-1.600000000000000711e+01
6.440000000000000568e+01
6.479999999999999716e+01
-2.239999999999999503e+01
-4.414999999999923830e+01
-6.054999999999962768e+01
5.499999999999999289e+01
8.079999999999999716e+01
3.900000000000001421e+01
5.845000000000000284e+01
1.600000000000285638e+00
6.750000000000000000e+01
8.574999999999998579e+01
5.204999999999998295e+01
6.759999999999999432e+01
5.945000000000000284e+01
6.190000000000001990e+01
6.925000000000000000e+01
6.370000000000000995e+01
6.600000000000000000e+01
8.265000000000000568e+01
4.624999999999997158e+01
6.750000000000002842e+01
7.280000000000001137e+01
5.329999999999999005e+01
6.794999999999998863e+01
-2.029999999999979110e+01
7.990000000000000568e+01
-5.219999999999947704e+01
7.969999999999998863e+01
3.264999999999996305e+01
5.235000000000001563e+01
5.409999999999998010e+01
-1.122999999999995566e+02
7.954999999999999716e+01
4.969999999999998863e+01
6.154999999999996874e+01
5.880000000000001847e+01
-6.079999999999964189e+01
4.694999999999998863e+01
6.559999999999999432e+01
4.084999999999999432e+01
5.690000000000000568e+01
-3.200000000000095213e+00
8.800000000000025580e+00
7.300000000000001421e+01
6.710000000000002274e+01
5.850000000000001421e+01
-4.644999999999976126e+01
4.384999999999997300e+01
7.145000000000000284e+01
6.889999999999999147e+01
6.344999999999998153e+01
6.919999999999998863e+01
-9.754999999999995453e+01
-1.084500000000005002e+02
8.035000000000000853e+01
3.040000000000023306e+01
-2.549999999999969447e+01
-2.210000000000004263e+02
-1.684999999999965326e+01
8.805000000000002558e+01
6.775000000000000000e+01
-5.499999999997911004e-01
3.474999999999997158e+01
-2.935000000000003979e+02
5.944999999999998153e+01
1.645000000000010232e+01
6.700000000000000000e+01
-8.949999999999832312e+00
8.090000000000000568e+01
-1.239999999999984226e+01
6.709999999999999432e+01
9.750000000000254019e+00
5.929999999999996874e+01
6.979999999999996874e+01
3.205000000000003979e+01
2.820000000000000284e+01
-4.744999999999977547e+01
7.515000000000000568e+01
4.755000000000001137e+01
3.914999999999997016e+01
-8.849999999999489830e+00
3.995000000000002416e+01
4.130000000000006821e+01
5.609999999999998010e+01
6.825000000000000000e+01
6.449999999999994316e+01
5.834999999999998721e+01
7.344999999999998863e+01
7.454999999999996874e+01
6.304999999999996874e+01
7.599999999999994316e+00
-3.413699999999960710e+03
6.239999999999994174e+01
7.825000000000002842e+01
5.165000000000001279e+01
5.234999999999995168e+01
6.870000000000000284e+01
2.454999999999996163e+01
-2.239999999999998437e+01
8.265000000000000568e+01
5.604999999999999005e+01
5.040000000000001279e+01
7.885000000000002274e+01
5.725000000000000000e+01
4.540000000000001990e+01
-1.936000000000015575e+02
8.974999999999998579e+01
4.284999999999997300e+01
7.424999999999998579e+01
3.810000000000015774e+01
7.000000000000000000e+01
5.579999999999996163e+01
3.235000000000017906e+01
-3.624999999999938183e+01
5.939999999999997016e+01
6.899999999999997158e+01
5.200000000000201794e+00
6.164999999999999147e+01
8.535000000000002274e+01
4.875000000000002132e+01
1.640000000000055991e+01
6.444999999999993179e+01
3.585000000000001563e+01
5.035000000000024301e+01
3.185000000000011511e+01
3.835000000000013642e+01
6.314999999999998437e+01
7.589999999999999147e+01
6.879999999999998295e+01
6.414999999999999147e+01
5.929999999999998295e+01
-8.599999999999518252e+00
-5.899999999999998579e+00
5.919999999999999574e+01
-2.824500000000002728e+02
4.470000000000000995e+01
6.039999999999995595e+01
4.449999999999999289e+01
-3.575000000000009663e+02
3.554999999999999716e+01
5.029999999999996874e+01
-4.215000000000002700e+01
-4.599000000000057753e+02
7.685000000000000853e+01
2.905000000000008953e+01
5.425000000000000711e+01
5.000000000000182965e+00
5.420000000000000284e+01
-9.594999999999971863e+01
6.640000000000000568e+01
-3.449999999999839417e+00
6.800000000000000000e+01
-5.899999999999984368e+00
7.834999999999999432e+01
7.895000000000001705e+01
-3.175000000000004263e+01
3.049999999999997158e+00
8.975000000000002842e+01
6.630000000000002558e+01
4.684999999999997300e+01
-6.189999999999982094e+01
7.815000000000000568e+01
-1.569999999999979678e+01
7.035000000000000853e+01
-9.700000000000002842e+00
-1.144999999999977547e+01
4.664999999999996305e+01
6.429999999999996874e+01
6.165000000000001279e+01
-4.400000000000019895e+00
3.439999999999997726e+01
6.939999999999996305e+01
6.995000000000003126e+01
-8.399999999999828049e+00
5.555000000000000426e+01
5.505000000000001137e+01
-2.665000000000000568e+01
7.550000000000000000e+01
1.935000000000025011e+01
5.694999999999998153e+01
7.995000000000000284e+01
6.859999999999999432e+01
2.250000000000149214e+00
7.190000000000000568e+01
2.689999999999996305e+01
6.884999999999999432e+01
2.845000000000002061e+01
8.345000000000001705e+01
3.910000000000003695e+01
5.425000000000000711e+01
2.205000000000000782e+01
1.900000000000014566e+01
8.330000000000001137e+01
2.755000000000011795e+01
4.125000000000007816e+01
-4.135000000000000142e+01
6.644999999999996021e+01
5.275000000000000000e+01
4.709999999999999432e+01
7.160000000000002274e+01
5.619999999999997442e+01
3.919999999999999574e+01
8.699999999999998579e+01
8.219999999999998863e+01
1.970000000000025153e+01
-5.326000000000000227e+02
-4.202000000000021487e+02
-3.538000000000004093e+02
-1.145999999999991417e+02
7.805000000000001137e+01
-9.149999999999998579e+00
6.609999999999999432e+01
7.199999999999997158e+01
5.444999999999998863e+01
6.009999999999998721e+01
6.244999999999996732e+01
4.509999999999998010e+01
5.909999999999998721e+01
2.240000000000001634e+01
6.300000000000125056e+00
7.339999999999996305e+01
6.389999999999992752e+01
7.565000000000000568e+01
4.914999999999999147e+01
4.884999999999998010e+01
6.480000000000001137e+01
6.825000000000002842e+01
6.214999999999999858e+01
-1.524999999999933920e+01
8.484999999999999432e+01
6.624999999999997158e+01
8.205000000000001137e+01
-3.724999999999974420e+01
7.175000000000001421e+01
5.844999999999998863e+01
5.234999999999997300e+01
7.325000000000000000e+01
-1.069999999999995310e+01
4.335000000000002274e+01
7.475000000000000000e+01
-1.919999999999983231e+01
9.950000000000208900e+00
-9.199999999999903366e+00
1.855000000000012506e+01
6.279999999999999716e+01
6.024999999999999289e+01
7.194999999999998863e+01
6.940000000000000568e+01
2.665000000000009095e+01
3.749999999999997868e+01
3.374999999999995737e+01
6.740000000000003411e+01
-6.219999999999950546e+01
4.700000000000029488e+00
4.449999999999998579e+01
-6.184999999999989484e+01
5.799999999999997868e+01
5.219999999999996732e+01
2.330000000000022453e+01
4.299999999999998579e+01
3.309999999999999432e+01
4.575000000000002132e+01
5.284999999999999432e+01
-1.163000000000004093e+02
1.745000000000001705e+01
5.099999999999994316e+01
6.444999999999996021e+01
7.759999999999999432e+01
-1.814999999999996021e+02
3.529999999999996163e+01
2.125000000000007105e+01
3.500000000000000000e+01
4.925000000000003553e+01
-1.186000000000002785e+02
-9.130000000000001137e+01
2.000000000000013856e+01
-2.089999999999972857e+01
5.659999999999997300e+01
6.855000000000001137e+01
7.294999999999998863e+01
4.459999999999999432e+01
7.019999999999998863e+01
7.460000000000000853e+01
4.575000000000008527e+01
7.254999999999998295e+01
3.889999999999998437e+01
3.949999999999999289e+01
2.285000000000007603e+01
7.665000000000000568e+01
5.164999999999999147e+01
4.249999999999999289e+01
7.945000000000004547e+01
2.800000000000009948e+01
4.910000000000002274e+01
6.920000000000000284e+01
3.184999999999999787e+01
6.920000000000000284e+01
3.340000000000011227e+01
7.384999999999998010e+01
3.194999999999999218e+01
-1.644999999999992468e+01
-1.375000000000002842e+01
6.809999999999999432e+01
6.674999999999998579e+01
-5.625000000000001421e+01
8.700000000000009948e+00
7.740000000000000568e+01
-9.399999999999995026e+00
3.410000000000005116e+01
6.494999999999998863e+01
7.570000000000000284e+01
5.510000000000000142e+01
3.314999999999999858e+01
2.000000000000063949e+00
6.425000000000000000e+01
6.379999999999995453e+01
5.919999999999998153e+01
3.890000000000021885e+01
5.239999999999997726e+01
5.129999999999998295e+01
-2.027000000000008981e+02
6.545000000000001705e+01
4.779999999999999716e+01
3.384999999999994458e+01
5.650000000000006395e+01
7.520000000000000284e+01
-6.630000000000030980e+01
6.119999999999999574e+01
7.394999999999998863e+01
-1.240000000000009095e+02
4.904999999999999005e+01
8.940000000000006253e+01
8.500000000000305533e+00
6.534999999999999432e+01
4.914999999999997726e+01
3.564999999999997726e+01
5.955000000000000426e+01
6.090000000000001279e+01
4.959999999999997300e+01
6.425000000000000000e+01
6.540000000000003411e+01
7.239999999999999147e+01
8.015000000000000568e+01
6.225000000000000711e+01
-1.478000000000003240e+02
1.300000000000009237e+01
7.720000000000001705e+01
6.915000000000001990e+01
6.409999999999998010e+01
7.450000000000000000e+01
7.335000000000002274e+01
-1.067999999999994714e+02
1.710000000000004405e+01
-1.102999999999999261e+02
6.720000000000001705e+01
-9.905000000000035243e+01
7.669999999999996021e+01
1.800000000000020250e+01
7.775000000000001421e+01
6.419999999999998863e+01
5.300000000000087752e+00
6.254999999999998295e+01
3.599999999999998579e+01
7.270000000000001705e+01
5.875000000000004263e+01
5.839999999999999858e+01
6.904999999999998295e+01
7.479999999999999716e+01
3.580000000000006821e+01
-5.545000000000050022e+01
3.670000000000001705e+01
4.355000000000000426e+01
-6.799999999999371880e+00
1.749999999999998579e+01
5.875000000000000711e+01
5.544999999999998863e+01
-2.180000000000003411e+02
6.754999999999998295e+01
2.980000000000002558e+01
6.999999999999998579e+01
5.804999999999998295e+01
6.390000000000002700e+01
-4.124999999999989342e+01
8.425000000000000000e+01
5.859999999999998010e+01
-2.900000000000000000e+01
7.844999999999998863e+01
5.525000000000000711e+01
-5.339999999999999147e+01
4.819999999999999574e+01
6.379999999999999005e+01
-3.864999999999960067e+01
-1.759999999999998863e+02
3.440000000000006253e+01
-2.768000000000006366e+02
5.594999999999998153e+01
6.869999999999998863e+01
5.934999999999999432e+01
-1.689999999999995595e+01
4.024999999999997158e+01
5.874999999999998579e+01
2.660000000000000142e+01
-3.230000000000003268e+01
4.579999999999999005e+01
-5.549999999999812417e+00
4.469999999999999574e+01
8.030000000000001137e+01
-6.694999999999980389e+01
5.949999999999998579e+01
-1.126999999999999176e+02
8.469999999999998863e+01
4.120000000000004547e+01
7.594999999999998863e+01
3.159999999999999787e+01
5.935000000000000142e+01
7.565000000000003411e+01
4.885000000000003695e+01
6.405000000000001137e+01
6.999999999999998579e+01
4.994999999999997442e+01
6.590000000000000568e+01
4.974999999999998579e+01
3.800000000000002132e+01
5.495000000000003126e+01
6.959999999999998010e+01
6.744999999999997442e+01
6.320000000000004547e+01
-8.914999999999970726e+01
3.675000000000004263e+01
-2.284999999999977405e+01
-8.450000000000017053e+00
7.964999999999997726e+01
