6.429999999999999716e+01
7.315000000000003411e+01
6.224999999999998579e+01
-3.124999999999987921e+01
-2.249999999999943157e+01
7.329999999999999716e+01
2.020000000000011653e+01
2.170000000000006679e+01
8.005000000000001137e+01
5.369999999999998863e+01
2.220000000000012363e+01
7.479999999999999716e+01
1.075000000000029843e+01
3.480000000000021032e+01
4.049999999999995737e+01
3.290000000000000568e+01
5.434999999999995879e+01
-1.469999999999946994e+01
3.169999999999999929e+01
5.800000000000348876e+00
5.695000000000000284e+01
1.185000000000001030e+01
7.954999999999998295e+01
3.054999999999996874e+01
4.580000000000003979e+01
1.449999999999967315e+00
-1.400499999999999545e+03
-1.617999999999993292e+02
-1.135499999999995282e+02
-2.199999999999981526e+00
9.449999999999979750e+00
8.285000000000002274e+01
6.505000000000001137e+01
6.495000000000001705e+01
6.075000000000001421e+01
6.865000000000000568e+01
-5.200000000000070486e+02
3.329999999999999716e+01
5.314999999999996305e+01
9.500000000001733724e-01
-2.436500000000002615e+02
5.649999999999999289e+01
4.919999999999998153e+01
7.459999999999996589e+01
4.195000000000000284e+01
6.289999999999997726e+01
-2.654999999999951399e+01
6.494999999999993179e+01
3.219999999999996732e+01
-3.429999999999958504e+01
-2.724999999999980815e+01
-2.840000000000000568e+02
6.670000000000001705e+01
-1.749999999999531042e+00
6.564999999999997726e+01
5.389999999999999858e+01
6.130000000000000426e+01
4.205000000000004690e+01
5.775000000000000000e+01
6.829999999999999716e+01
-4.653000000000063210e+02
6.744999999999998863e+01
-2.550000000000008242e+02
2.875000000000015632e+01
7.484999999999999432e+01
5.849999999999996447e+01
5.595000000000000995e+01
8.574999999999998579e+01
3.189999999999997016e+01
1.430000000000010019e+01
-2.559999999999950404e+01
7.350000000000321165e+00
7.500000000000191847e+00
-2.609999999999983800e+01
-7.355000000000022453e+01
-2.999999999999850786e+00
-4.449999999999977263e+01
4.250000000000042633e+00
-2.839000000000011141e+02
-7.274999999999992895e+01
3.255000000000002558e+01
6.174999999999999289e+01
1.825000000000004974e+01
-1.135499999999994998e+02
-1.919999999999948415e+01
6.950000000000000000e+01
6.235000000000000853e+01
-5.913000000000075715e+02
7.245000000000000284e+01
4.029999999999994742e+01
-8.294000000000110049e+02
5.600000000000001421e+01
4.889999999999997726e+01
-5.744999999999947704e+01
6.734999999999999432e+01
6.815000000000000568e+01
-5.149999999999914735e+01
3.890000000000008384e+01
2.944999999999999574e+01
4.750000000000004974e+01
5.199999999999961986e+00
-1.424999999999999289e+01
6.744999999999998863e+01
6.444999999999996021e+01
-2.179999999999972715e+01
7.840000000000000568e+01
-4.905000000000005400e+01
7.379999999999998295e+01
1.415000000000005187e+01
-8.284999999999971010e+01
6.535000000000000853e+01
3.105000000000010374e+01
3.860000000000009379e+01
5.475000000000000711e+01
-6.049999999999975842e+00
2.605000000000015348e+01
5.319999999999998153e+01
5.274999999999997158e+01
3.849999999999997158e+01
6.239999999999994884e+01
-2.336499999999995225e+02
5.564999999999995595e+01
-3.475000000000004974e+01
5.399999999999998579e+01
-2.404999999999935767e+01
5.044999999999998153e+01
3.279999999999996874e+01
6.825000000000001421e+01
5.624999999999997868e+01
7.974999999999997158e+01
-1.188499999999999943e+02
4.214999999999998437e+01
8.180000000000003979e+01
6.124999999999998579e+01
-2.215000000000000568e+02
6.694999999999997442e+01
-7.255000000000028137e+01
-1.014999999999938751e+01
4.955000000000000426e+01
8.020000000000000284e+01
3.930000000000000426e+01
-3.831000000000020691e+02
-5.715000000000063665e+02
6.525000000000001421e+01
7.909999999999999432e+01
-2.649999999999959499e+01
4.049999999999975842e+00
4.965000000000001279e+01
6.385000000000000142e+01
3.834999999999993747e+01
7.959999999999999432e+01
7.164999999999997726e+01
2.664999999999999147e+01
5.204999999999996874e+01
-8.650000000000012790e+01
4.114999999999999147e+01
-5.849999999999432987e+00
7.085000000000002274e+01
3.680000000000007532e+01
7.675000000000004263e+01
4.300000000000039790e+00
-9.349999999999944578e+00
8.100000000000205702e+00
3.674999999999998579e+01
6.469999999999998863e+01
1.440000000000012648e+01
4.799999999999997868e+01
8.020000000000000284e+01
6.665000000000003411e+01
8.084999999999999432e+01
5.595000000000008811e+01
2.794999999999998508e+01
-3.849999999999781153e+00
6.925000000000000000e+01
5.954999999999999716e+01
4.260000000000000142e+01
5.864999999999999147e+01
1.350000000000010836e+01
2.665000000000000213e+01
-3.706500000000020236e+02
6.579999999999999716e+01
5.369999999999998863e+01
-7.712000000000044793e+02
8.005000000000001137e+01
-1.332499999999992895e+02
-5.139999999999929514e+01
4.904999999999994742e+01
-7.819999999999937756e+01
7.934999999999999432e+01
5.889999999999999858e+01
6.460000000000000853e+01
7.785000000000000853e+01
4.960000000000000853e+01
-9.364999999999977831e+01
-4.959999999999993747e+01
6.509999999999999432e+01
6.179999999999999716e+01
2.584999999999995168e+01
5.474999999999997868e+01
7.225000000000000000e+01
6.224999999999995737e+01
6.304999999999998295e+01
2.939999999999996305e+01
1.835000000000013642e+01
-2.190500000000000682e+02
7.375000000000002842e+01
-4.624999999999980105e+01
-6.074999999999891998e+01
7.609999999999999432e+01
5.750000000000000711e+01
7.950000000000000000e+01
2.459999999999999787e+01
-2.066499999999997499e+02
7.615000000000000568e+01
6.865000000000003411e+01
-5.969999999999988916e+01
3.214999999999998437e+01
6.484999999999999432e+01
6.900000000000000000e+01
6.580000000000001137e+01
5.810000000000000142e+01
5.004999999999998295e+01
4.694999999999998153e+01
4.859999999999996589e+01
6.500000000000625278e-01
4.355000000000002558e+01
6.769999999999998863e+01
6.119999999999998153e+01
4.434999999999999432e+01
6.540000000000000568e+01
5.494999999999999574e+01
-7.619999999999964757e+01
2.640000000000010516e+01
7.440000000000000568e+01
5.470000000000000284e+01
2.525000000000000355e+01
2.929999999999999716e+01
6.664999999999999147e+01
2.085000000000001563e+01
6.475000000000000000e+01
-4.139999999999993463e+01
-5.419999999999934914e+01
4.944999999999998153e+01
4.844999999999995310e+01
7.115000000000000568e+01
6.360000000000001563e+01
-4.089999999999924540e+01
5.884999999999998721e+01
8.140000000000001990e+01
8.369999999999998863e+01
6.079999999999999716e+01
8.375000000000001421e+01
2.454999999999996163e+01
-1.814999999999984936e+01
7.400000000000000000e+01
7.529999999999998295e+01
1.234999999999997833e+01
-6.184999999999962483e+01
3.909999999999998721e+01
6.965000000000001990e+01
4.044999999999996021e+01
5.954999999999999716e+01
5.290000000000003411e+01
6.975000000000000000e+01
-1.003799999999995748e+03
3.764999999999995595e+01
2.030000000000006466e+01
5.349999999999997158e+01
-1.388999999999996930e+02
6.404999999999999716e+01
7.090000000000003411e+01
-2.177000000000010118e+02
-1.985000000000002984e+01
8.040000000000000568e+01
-1.259999999999998863e+02
3.740000000000016911e+01
5.100000000000000000e+01
-5.489999999999977831e+01
6.464999999999997726e+01
7.325000000000002842e+01
7.989999999999999147e+01
4.645000000000000995e+01
8.414999999999999147e+01
6.679999999999995453e+01
8.100000000000221689e+00
5.185000000000000142e+01
1.234999999999999964e+01
-6.064999999999994884e+01
3.334999999999993747e+01
-7.589999999999990621e+01
5.319999999999998863e+01
7.085000000000000853e+01
-4.429999999999988347e+01
7.559999999999999432e+01
5.645000000000001705e+01
6.729999999999996874e+01
2.275000000000010658e+01
4.925000000000001421e+01
2.680000000000003979e+01
1.159999999999996767e+01
-6.489999999999977831e+01
5.934999999999998010e+01
8.624999999999997158e+01
4.769999999999999574e+01
2.350000000000031619e+01
-2.675000000000003553e+01
7.930000000000001137e+01
6.019999999999996732e+01
-3.649999999999998579e+00
-3.719999999999930651e+01
2.910000000000014353e+01
8.104999999999998295e+01
6.980000000000001137e+01
3.415000000000003411e+01
-6.640000000000003411e+01
5.945000000000000284e+01
7.355000000000001137e+01
3.979999999999998295e+01
3.065000000000014069e+01
3.630000000000001137e+01
5.684999999999993747e+01
-1.095000000000005969e+01
3.829999999999996874e+01
6.724999999999997158e+01
8.549999999999997158e+01
-2.138000000000019440e+02
4.674999999999997158e+01
6.019999999999999574e+01
5.439999999999999147e+01
-2.309999999999940457e+01
2.959999999999999787e+01
6.044999999999998863e+01
2.945000000000015561e+01
-4.464999999999952252e+01
2.339999999999984226e+01
-3.513500000000008185e+02
-5.551000000000070713e+02
5.380000000000005400e+01
6.770000000000001705e+01
-6.499999999999204192e-01
-4.471000000000037744e+02
-3.444999999999932072e+01
-9.999999999999708677e+00
5.674999999999997158e+01
6.799999999999998579e+01
3.500000000000063949e+00
-4.829500000000032287e+02
-4.999999999989057642e-02
-2.297000000000012960e+02
7.560000000000000853e+01
-2.000000000000241585e-01
6.775000000000000000e+01
6.415000000000001990e+01
-4.179000000000031037e+02
-1.871500000000001478e+02
4.814999999999999147e+01
6.359999999999997300e+01
5.814999999999999858e+01
3.184999999999994102e+01
5.344999999999998863e+01
9.540000000000003411e+01
4.290000000000000568e+01
4.974999999999999289e+01
4.810000000000005826e+01
1.280000000000032578e+01
5.434999999999995879e+01
8.439999999999999147e+01
7.285000000000002274e+01
6.449999999999997158e+01
1.794999999999994955e+01
-8.819999999999994600e+01
5.074999999999997158e+01
5.849999999999999289e+01
-1.867500000000005116e+02
3.894999999999999574e+01
6.769999999999996021e+01
7.450000000000017053e+00
5.659999999999998010e+01
1.110000000000020037e+01
1.274999999999998757e+01
7.355000000000001137e+01
-4.959999999999929798e+01
1.620000000000009521e+01
6.864999999999996305e+01
2.415000000000003411e+01
6.949999999999997158e+01
4.540000000000002700e+01
-3.749999999999680256e+00
5.164999999999997016e+01
4.909999999999996589e+01
1.640000000000015845e+01
9.005000000000003979e+01
8.455000000000001137e+01
6.330000000000000426e+01
5.725000000000002132e+01
7.795000000000001705e+01
7.384999999999999432e+01
-5.624999999999928946e+01
-9.359999999999956799e+01
5.154999999999995453e+01
-3.690000000000002842e+02
2.604999999999999005e+01
7.675000000000000000e+01
5.449999999999998579e+01
4.060000000000000142e+01
7.135000000000002274e+01
-5.014999999999957936e+01
2.900000000000006395e+01
7.904999999999999716e+01
4.670000000000002416e+01
-1.751999999999998465e+02
-2.004999999999979110e+01
-3.449999999999988631e+01
-7.699999999999950262e+01
-7.149999999999650413e+00
3.484999999999993747e+01
-6.434999999999993747e+01
6.920000000000001705e+01
4.744999999999996732e+01
1.035000000000032827e+01
6.250000000000000000e+01
-1.980499999999994429e+02
6.385000000000014353e+01
-1.049999999999946709e+01
2.800000000000005329e+01
3.880000000000002558e+01
5.649999999999922196e+00
1.165000000000015312e+01
6.034999999999999432e+01
8.439999999999999147e+01
6.285000000000000142e+01
6.985000000000000853e+01
-8.805000000000023874e+01
4.919999999999999574e+01
7.135000000000000853e+01
4.350000000000000000e+01
2.289999999999996305e+01
-2.364999999999935909e+01
2.825000000000000000e+01
6.929999999999998295e+01
5.739999999999999147e+01
-2.229999999999999716e+01
3.684999999999999432e+01
-3.879999999999925819e+01
5.470000000000001705e+01
4.804999999999995453e+01
3.999999999999991473e+01
6.780000000000001137e+01
5.445000000000000284e+01
6.080000000000001847e+01
2.150000000000218847e+00
7.284999999999999432e+01
8.140000000000000568e+01
-1.970000000000001705e+01
-2.061999999999995055e+02
5.830000000000000426e+01
1.829999999999998650e+01
3.855000000000001847e+01
-4.549999999999975842e+00
-3.879999999999966320e+01
2.100000000000015632e+00
-3.614999999999993463e+01
5.094999999999996732e+01
4.724999999999995737e+01
6.025000000000000000e+01
5.125000000000000711e+01
-1.024999999999996447e+01
5.925000000000000711e+01
7.459999999999999432e+01
6.775000000000000000e+01
-5.837500000000025011e+02
4.820000000000000284e+01
5.305000000000001137e+01
7.839999999999997726e+01
-6.803999999999986130e+02
4.609999999999994458e+01
4.049999999999996447e+01
5.000000000000001421e+01
-1.191500000000006594e+02
4.794999999999996732e+01
3.750000000000000000e+01
6.475000000000004263e+01
4.299999999999993605e+01
-4.684999999999956799e+01
7.739999999999997726e+01
7.315000000000003411e+01
7.325000000000002842e+01
-2.028499999999998522e+02
5.135000000000000142e+01
5.630000000000000426e+01
4.949999999999998579e+01
4.809999999999998010e+01
7.620000000000001705e+01
3.949999999999995737e+01
3.110000000000009379e+01
4.749999999999996447e+01
3.475000000000007105e+01
7.795000000000000284e+01
4.375000000000005684e+01
6.040000000000001279e+01
2.355000000000000426e+01
-2.389999999999957936e+01
7.265000000000000568e+01
6.510000000000002274e+01
6.414999999999997726e+01
5.929999999999998295e+01
8.195000000000004547e+01
1.680000000000006821e+01
2.840000000000001279e+01
2.605000000000008598e+01
4.324999999999998579e+01
5.879999999999999005e+01
-5.514999999999960778e+01
-3.884999999999986642e+01
-3.849999999999987210e+00
5.479999999999995453e+01
7.304999999999999716e+01
2.289999999999993463e+01
6.515000000000001990e+01
-3.959999999999999432e+01
2.784999999999998366e+01
-4.206000000000013301e+02
7.650000000000000000e+01
-3.509999999999952536e+01
4.379999999999999716e+01
6.370000000000000995e+01
6.480000000000001137e+01
-4.459999999999926956e+01
7.225000000000000000e+01
-1.939999999999994884e+01
2.800000000000017053e+01
-6.099999999999958789e+00
6.500000000000000000e+01
6.840000000000000568e+01
7.355000000000001137e+01
7.205000000000001137e+01
9.100000000000232347e+00
6.399999999999999289e+01
-4.039999999999893276e+01
-7.550000000000022027e+00
3.519999999999998863e+01
3.274999999999994316e+01
-2.929999999999944293e+01
8.350000000000000000e+01
-5.298500000000068439e+02
8.070000000000001705e+01
-2.139999999999962910e+01
4.915000000000000568e+01
5.894999999999996732e+01
5.214999999999998437e+01
3.490000000000001279e+01
5.870000000000000284e+01
7.454999999999998295e+01
1.780000000000013571e+01
5.249999999999999289e+01
5.249999999999999289e+01
6.399999999999999289e+01
8.895000000000011653e+01
8.509999999999999432e+01
6.934999999999996589e+01
6.379999999999999005e+01
-4.135000000000004405e+01
6.304999999999999716e+01
6.699999999999994316e+01
6.650000000000001421e+01
1.409999999999995346e+01
5.654999999999999716e+01
1.010000000000009557e+01
5.619999999999998863e+01
5.460000000000000853e+01
4.399999999999997158e+01
6.564999999999997726e+01
5.794999999999999574e+01
4.304999999999996163e+01
7.240000000000001990e+01
2.265000000000026859e+01
2.770000000000007390e+01
5.399999999999999289e+01
3.200000000000002132e+01
-4.380500000000014893e+02
3.624999999999995026e+01
-2.349999999999969447e+01
6.350000000000002132e+01
-5.134999999999948272e+01
4.600000000000061817e+00
6.394999999999999574e+01
5.744999999999998863e+01
7.599999999999953459e+00
5.624999999999999289e+01
-8.259999999999973852e+01
5.414999999999999147e+01
-6.174999999999938893e+01
7.534999999999999432e+01
-6.239999999999926672e+01
-9.599999999999781153e+00
-3.289999999999928804e+01
7.315000000000000568e+01
6.365000000000001279e+01
4.390000000000007674e+01
-2.723500000000003638e+02
-3.424999999999992895e+01
-3.840000000000002700e+01
-2.720000000000004547e+01
5.100000000000000000e+01
6.925000000000000000e+01
-1.857000000000002444e+02
4.755000000000003979e+01
7.395000000000001705e+01
6.339999999999997726e+01
6.284999999999999432e+01
7.340000000000000568e+01
-3.374999999999949551e+01
-3.157000000000011255e+02
8.550000000000155254e+00
6.955000000000003979e+01
7.439999999999999147e+01
4.984999999999999432e+01
3.685000000000020037e+01
6.355000000000001137e+01
8.065000000000000568e+01
6.815000000000000568e+01
5.534999999999999432e+01
-4.656500000000059458e+02
5.324999999999999289e+01
2.900000000000027001e+00
4.384999999999998721e+01
6.955000000000001137e+01
2.070000000000001350e+01
-3.964999999999930225e+01
6.709999999999995168e+01
7.240000000000000568e+01
-1.954999999999994031e+01
3.540000000000001279e+01
6.505000000000001137e+01
5.885000000000000142e+01
-8.514999999999965041e+01
2.635000000000000142e+01
5.965000000000000568e+01
2.909999999999999432e+01
-6.949999999999867839e+00
6.754999999999999716e+01
1.050000000000012257e+01
6.429999999999999716e+01
3.055000000000009308e+01
-1.714999999999933067e+01
6.250000000000001421e+01
-4.330500000000001819e+02
-1.818500000000001648e+02
6.334999999999998721e+01
6.474999999999995737e+01
7.150000000000000000e+01
5.999999999999998579e+01
-1.562999999999999261e+02
-3.074999999999986500e+01
6.644999999999998863e+01
8.300000000000020250e+00
6.014999999999997016e+01
4.560000000000002274e+01
1.360000000000003340e+01
6.490000000000000568e+01
8.125000000000002842e+01
6.500000000000227374e+00
-3.469999999999988916e+01
6.434999999999999432e+01
-4.675000000000005684e+01
-5.239500000000034561e+02
6.164999999999995595e+01
1.454999999999998650e+01
-4.134999999999979536e+01
-3.079999999999972715e+01
-8.379999999999978400e+01
8.265000000000000568e+01
5.414999999999997726e+01
4.450000000000004263e+01
4.925000000000002842e+01
8.890000000000000568e+01
8.845000000000003126e+01
6.169999999999999574e+01
-2.384999999999949694e+01
2.224999999999999289e+01
-2.544999999999994600e+01
-3.529999999999924398e+01
1.679999999999999005e+01
-8.050000000000062528e+01
-5.300000000000011369e+00
7.740000000000003411e+01
4.404999999999999716e+01
4.819999999999998153e+01
6.450000000000002842e+01
5.959999999999999432e+01
7.770000000000001705e+01
3.189999999999998082e+01
6.400000000000000000e+01
6.695000000000001705e+01
-5.585000000000020464e+02
-3.261500000000002046e+02
-1.300000000000011369e+00
-6.554999999999941451e+01
4.684999999999996589e+01
5.864999999999999858e+01
7.389999999999999147e+01
1.760000000000042064e+01
6.264999999999999147e+01
5.654999999999999005e+01
8.350000000000002842e+01
4.960000000000000142e+01
3.165000000000004476e+01
2.694999999999996732e+01
-1.203999999999990109e+02
3.069999999999998153e+01
3.800000000000089528e+00
-1.279999999999998295e+01
3.200000000000208900e+00
1.769999999999999929e+01
7.055000000000001137e+01
-1.379999999999993747e+02
5.819999999999998153e+01
5.975000000000000711e+01
2.629999999999994742e+01
6.645000000000001705e+01
6.005000000000000426e+01
3.439999999999995595e+01
5.015000000000002700e+01
7.199999999999998579e+01
4.859999999999996589e+01
5.119999999999995310e+01
-2.195000000000000284e+01
3.040000000000024727e+01
3.700000000000005684e+01
-6.799999999999981526e+01
6.779999999999998295e+01
-1.381999999999998181e+02
4.819999999999998153e+01
4.780000000000001847e+01
5.054999999999996874e+01
-6.875000000000089813e+02
8.679999999999999716e+01
5.945000000000000995e+01
6.455000000000001137e+01
-1.730500000000012903e+02
5.659999999999995879e+01
3.419999999999999574e+01
-1.249999999999983658e+01
-3.399999999999966604e+01
-8.129999999999959925e+01
4.129999999999997584e+01
6.830000000000001137e+01
3.735000000000000142e+01
5.805000000000000426e+01
3.055000000000000426e+01
7.950000000000000000e+01
-5.226000000000047976e+02
6.139999999999997016e+01
6.480000000000002558e+01
6.274999999999995026e+01
-1.589999999999986358e+01
-6.699999999999997513e+00
8.250000000000000000e+01
-1.254999999999920135e+01
5.205000000000000426e+01
-2.839000000000002615e+02
3.330000000000002558e+01
6.730000000000001137e+01
6.205000000000001847e+01
5.054999999999997584e+01
4.164999999999994884e+01
-2.725000000000007105e+01
-4.294500000000049340e+02
6.525000000000000000e+01
3.559999999999988773e+01
-2.300000000000054001e+00
5.809999999999998721e+01
4.990000000000001990e+01
-1.734999999999949694e+01
5.884999999999995168e+01
5.660000000000002274e+01
2.500000000000019185e+01
7.030000000000001137e+01
-1.432000000000012108e+02
5.284999999999999432e+01
-2.800000000000013642e+02
5.429999999999999716e+01
-5.111500000000065143e+02
4.454999999999992610e+01
2.835000000000005116e+01
6.515000000000000568e+01
2.540000000000001990e+01
5.765000000000001990e+01
3.950000000000000000e+01
5.209999999999998721e+01
5.104999999999999716e+01
-2.054999999999954952e+01
-5.497000000000033424e+02
7.209999999999999432e+01
6.245000000000000284e+01
-7.114999999999997726e+01
7.100000000000038725e+00
6.165000000000000568e+01
9.349999999999992539e+00
2.474999999999999645e+01
3.725000000000000711e+01
2.905000000000001847e+01
-1.095400000000004638e+03
-2.140499999999996135e+02
6.029999999999999005e+01
5.794999999999998153e+01
-5.469500000000027740e+02
1.150000000000007638e+01
5.805000000000000426e+01
7.149999999999997158e+01
4.954999999999991900e+01
7.875000000000000000e+01
3.310000000000000853e+01
-5.099999999999972999e+00
6.759999999999996589e+01
8.135000000000002274e+01
5.959999999999998010e+01
8.355000000000003979e+01
4.790000000000000568e+01
5.924999999999997158e+01
4.170000000000001705e+01
6.925000000000000000e+01
-1.760000000000000853e+01
3.549999999999911893e+00
-1.309999999999970299e+01
5.679999999999997584e+01
3.310000000000002984e+01
-4.539999999999949409e+01
8.000000000000021316e+00
-4.873000000000037062e+02
-3.139999999999984226e+01
-7.780000000000048033e+01
7.019999999999998863e+01
9.195000000000000284e+01
2.779999999999999361e+01
6.984999999999999432e+01
5.824999999999999289e+01
4.134999999999995168e+01
1.500000000000270006e-01
7.465000000000000568e+01
7.715000000000001990e+01
6.790000000000000568e+01
6.339999999999999147e+01
5.814999999999999147e+01
7.270000000000001705e+01
5.624999999999998579e+01
3.100000000000016342e+01
-5.094999999999939178e+01
5.944999999999996732e+01
4.234999999999995168e+01
6.994999999999998863e+01
8.250000000000000000e+01
-6.361500000000039563e+02
6.399999999999997868e+01
-5.509999999999956799e+01
6.499999999999997158e+01
6.915000000000000568e+01
-3.487500000000010232e+02
7.979999999999995453e+01
-1.039999999999995595e+01
6.330000000000001137e+01
7.264999999999997726e+01
-4.550000000000039790e+00
4.734999999999997300e+01
6.054999999999989768e+01
4.415000000000000568e+01
-8.999999999999850786e+00
1.199999999999997868e+01
5.225000000000001421e+01
4.050000000000027711e+01
-4.394999999999990337e+01
8.245000000000001705e+01
6.320000000000000995e+01
-3.449999999999782574e+00
9.025000000000000000e+01
5.160000000000000853e+01
5.575000000000000000e+01
3.850000000000000711e+01
1.949999999999974420e+00
6.864999999999997726e+01
5.355000000000003979e+01
6.834999999999996589e+01
-1.345000000000009521e+01
7.429999999999998295e+01
6.869999999999998863e+01
6.834999999999999432e+01
3.670000000000020179e+01
7.230000000000001137e+01
-3.359999999999917009e+01
5.104999999999997584e+01
5.394999999999998153e+01
2.964999999999999147e+01
-3.624500000000011255e+02
4.080000000000002558e+01
3.175000000000005684e+01
7.410000000000002274e+01
6.419999999999996021e+01
7.915000000000000568e+01
4.919999999999999574e+01
5.139999999999997016e+01
-5.824999999999974420e+01
-2.014999999999963620e+01
-1.873499999999992838e+02
6.374999999999999289e+01
-7.730000000000033822e+01
-1.299999999999970868e+01
5.995000000000000284e+01
8.205000000000003979e+01
-7.950000000000002842e+00
7.095000000000001705e+01
4.839999999999996305e+01
6.600000000000002842e+01
4.960000000000002274e+01
5.029999999999998295e+01
5.029999999999999716e+01
7.680000000000001137e+01
-3.399999999999987921e+01
-3.533000000000005798e+02
6.104999999999997584e+01
4.719999999999998153e+01
7.105000000000001137e+01
5.514999999999999147e+01
5.319999999999998153e+01
6.544999999999997442e+01
6.035000000000000142e+01
8.254999999999999716e+01
-7.804999999999944293e+01
7.330000000000001137e+01
5.724999999999998579e+01
-3.650000000000034106e+00
4.559999999999996589e+01
7.375000000000001421e+01
-8.684999999999929798e+01
-8.225000000000000000e+01
5.214999999999997016e+01
8.509999999999998010e+01
-1.434999999999997300e+01
5.644999999999997442e+01
6.419999999999996021e+01
-3.390000000000003411e+01
-2.249999999999985789e+00
7.305000000000001137e+01
5.019999999999999574e+01
-2.463000000000017167e+02
6.745000000000000284e+01
5.774999999999997868e+01
-3.725500000000023988e+02
6.319999999999999574e+01
-8.494999999999978968e+01
-4.644999999999920703e+01
-6.355500000000083674e+02
-1.349999999999944578e+00
7.080000000000001137e+01
4.555000000000001847e+01
5.500000000000000711e+01
7.495000000000001705e+01
7.029999999999999716e+01
3.804999999999998295e+01
-5.085000000000046327e+01
4.194999999999994600e+01
-4.999999999999779732e+00
7.690000000000000568e+01
7.550000000000001421e+01
3.090000000000008384e+01
7.054999999999998295e+01
-6.260500000000065484e+02
-8.425000000000017053e+01
8.115000000000000568e+01
2.275000000000002132e+01
-4.180000000000001847e+01
3.914999999999998437e+01
4.039999999999999858e+01
6.600000000000000000e+01
7.950000000000000000e+01
4.864999999999998437e+01
6.909999999999999432e+01
1.084999999999994991e+01
7.939999999999996305e+01
6.744999999999997442e+01
-2.024999999999926814e+01
4.329999999999996874e+01
2.879999999999996163e+01
6.904999999999998295e+01
-2.282499999999989200e+02
6.160000000000000142e+01
5.905000000000001137e+01
-6.819999999999936335e+01
8.029999999999998295e+01
-2.550000000000000711e+01
3.025000000000022737e+01
5.794999999999999574e+01
3.599999999999997868e+01
-9.494999999999959073e+01
5.319999999999998863e+01
-6.389999999999999858e+01
6.000000000001612932e-01
5.414999999999998437e+01
7.144999999999997442e+01
2.265000000000009805e+01
7.935000000000002274e+01
