2.270000000000000000e+02
2.400000000000000000e+02
2.220000000000000000e+02
5.320000000000000000e+02
6.700000000000000000e+02
2.320000000000000000e+02
3.480000000000000000e+02
6.170000000000000000e+02
2.130000000000000000e+02
2.670000000000000000e+02
3.190000000000000000e+02
2.500000000000000000e+02
5.140000000000000000e+02
3.380000000000000000e+02
2.720000000000000000e+02
3.260000000000000000e+02
2.570000000000000000e+02
6.740000000000000000e+02
4.350000000000000000e+02
5.260000000000000000e+02
2.410000000000000000e+02
3.650000000000000000e+02
2.380000000000000000e+02
2.130000000000000000e+02
2.310000000000000000e+02
2.570000000000000000e+02
1.000000000000000000e+03
1.000000000000000000e+03
8.060000000000000000e+02
5.870000000000000000e+02
1.000000000000000000e+03
2.310000000000000000e+02
2.470000000000000000e+02
2.530000000000000000e+02
2.760000000000000000e+02
2.010000000000000000e+02
1.000000000000000000e+03
1.000000000000000000e+03
2.900000000000000000e+02
5.230000000000000000e+02
1.000000000000000000e+03
2.290000000000000000e+02
2.050000000000000000e+02
2.190000000000000000e+02
2.230000000000000000e+02
2.000000000000000000e+02
5.990000000000000000e+02
2.300000000000000000e+02
3.020000000000000000e+02
3.800000000000000000e+02
7.610000000000000000e+02
1.000000000000000000e+03
2.600000000000000000e+02
4.650000000000000000e+02
2.620000000000000000e+02
2.310000000000000000e+02
2.850000000000000000e+02
3.120000000000000000e+02
2.570000000000000000e+02
2.230000000000000000e+02
1.000000000000000000e+03
2.750000000000000000e+02
1.000000000000000000e+03
4.110000000000000000e+02
2.260000000000000000e+02
2.770000000000000000e+02
2.410000000000000000e+02
2.360000000000000000e+02
2.910000000000000000e+02
4.680000000000000000e+02
7.310000000000000000e+02
6.270000000000000000e+02
5.340000000000000000e+02
6.630000000000000000e+02
6.240000000000000000e+02
4.910000000000000000e+02
6.630000000000000000e+02
1.000000000000000000e+03
8.980000000000000000e+02
7.280000000000000000e+02
4.130000000000000000e+02
1.960000000000000000e+02
3.010000000000000000e+02
7.530000000000000000e+02
7.020000000000000000e+02
2.300000000000000000e+02
2.330000000000000000e+02
1.000000000000000000e+03
1.960000000000000000e+02
2.870000000000000000e+02
1.000000000000000000e+03
2.560000000000000000e+02
2.460000000000000000e+02
6.070000000000000000e+02
2.290000000000000000e+02
2.430000000000000000e+02
7.620000000000000000e+02
4.700000000000000000e+02
2.720000000000000000e+02
2.400000000000000000e+02
3.090000000000000000e+02
1.000000000000000000e+03
2.200000000000000000e+02
2.240000000000000000e+02
5.130000000000000000e+02
2.250000000000000000e+02
1.000000000000000000e+03
2.400000000000000000e+02
4.680000000000000000e+02
1.000000000000000000e+03
2.680000000000000000e+02
4.090000000000000000e+02
2.610000000000000000e+02
2.550000000000000000e+02
3.770000000000000000e+02
4.580000000000000000e+02
2.440000000000000000e+02
2.750000000000000000e+02
2.750000000000000000e+02
2.380000000000000000e+02
1.000000000000000000e+03
2.970000000000000000e+02
1.000000000000000000e+03
2.620000000000000000e+02
6.840000000000000000e+02
3.010000000000000000e+02
3.490000000000000000e+02
2.500000000000000000e+02
2.600000000000000000e+02
2.270000000000000000e+02
8.310000000000000000e+02
2.470000000000000000e+02
2.500000000000000000e+02
2.610000000000000000e+02
1.000000000000000000e+03
2.110000000000000000e+02
5.480000000000000000e+02
5.830000000000000000e+02
2.450000000000000000e+02
2.370000000000000000e+02
3.120000000000000000e+02
1.000000000000000000e+03
1.000000000000000000e+03
2.460000000000000000e+02
2.260000000000000000e+02
4.610000000000000000e+02
3.960000000000000000e+02
2.390000000000000000e+02
3.070000000000000000e+02
2.920000000000000000e+02
2.070000000000000000e+02
2.540000000000000000e+02
2.660000000000000000e+02
2.500000000000000000e+02
5.250000000000000000e+02
2.710000000000000000e+02
5.070000000000000000e+02
1.930000000000000000e+02
4.120000000000000000e+02
2.400000000000000000e+02
4.240000000000000000e+02
3.280000000000000000e+02
5.240000000000000000e+02
2.300000000000000000e+02
2.060000000000000000e+02
3.730000000000000000e+02
2.670000000000000000e+02
2.190000000000000000e+02
2.640000000000000000e+02
2.620000000000000000e+02
2.680000000000000000e+02
2.980000000000000000e+02
4.550000000000000000e+02
2.470000000000000000e+02
2.830000000000000000e+02
2.110000000000000000e+02
2.110000000000000000e+02
3.180000000000000000e+02
2.660000000000000000e+02
8.420000000000000000e+02
2.360000000000000000e+02
2.810000000000000000e+02
1.000000000000000000e+03
2.390000000000000000e+02
5.970000000000000000e+02
7.160000000000000000e+02
2.410000000000000000e+02
8.360000000000000000e+02
2.260000000000000000e+02
2.260000000000000000e+02
2.630000000000000000e+02
2.360000000000000000e+02
2.710000000000000000e+02
7.620000000000000000e+02
3.540000000000000000e+02
2.350000000000000000e+02
2.430000000000000000e+02
3.300000000000000000e+02
2.610000000000000000e+02
2.250000000000000000e+02
2.380000000000000000e+02
2.180000000000000000e+02
2.890000000000000000e+02
4.200000000000000000e+02
8.510000000000000000e+02
2.810000000000000000e+02
3.700000000000000000e+02
8.380000000000000000e+02
2.140000000000000000e+02
2.860000000000000000e+02
2.060000000000000000e+02
3.030000000000000000e+02
1.000000000000000000e+03
2.140000000000000000e+02
2.540000000000000000e+02
6.430000000000000000e+02
2.370000000000000000e+02
2.250000000000000000e+02
2.280000000000000000e+02
2.130000000000000000e+02
2.850000000000000000e+02
2.560000000000000000e+02
2.330000000000000000e+02
2.490000000000000000e+02
3.720000000000000000e+02
2.410000000000000000e+02
2.170000000000000000e+02
2.090000000000000000e+02
2.260000000000000000e+02
1.930000000000000000e+02
2.800000000000000000e+02
5.270000000000000000e+02
2.610000000000000000e+02
2.260000000000000000e+02
2.060000000000000000e+02
1.000000000000000000e+03
2.510000000000000000e+02
2.600000000000000000e+02
1.000000000000000000e+03
2.230000000000000000e+02
3.790000000000000000e+02
6.820000000000000000e+02
2.360000000000000000e+02
3.890000000000000000e+02
2.220000000000000000e+02
2.650000000000000000e+02
9.030000000000000000e+02
2.600000000000000000e+02
1.860000000000000000e+02
2.100000000000000000e+02
2.760000000000000000e+02
2.770000000000000000e+02
2.620000000000000000e+02
4.540000000000000000e+02
1.910000000000000000e+02
2.300000000000000000e+02
2.980000000000000000e+02
7.750000000000000000e+02
2.680000000000000000e+02
2.590000000000000000e+02
4.010000000000000000e+02
2.320000000000000000e+02
2.310000000000000000e+02
2.580000000000000000e+02
6.780000000000000000e+02
2.630000000000000000e+02
4.510000000000000000e+02
3.210000000000000000e+02
1.000000000000000000e+03
2.310000000000000000e+02
2.710000000000000000e+02
1.000000000000000000e+03
5.400000000000000000e+02
1.990000000000000000e+02
1.000000000000000000e+03
3.970000000000000000e+02
2.750000000000000000e+02
4.310000000000000000e+02
2.330000000000000000e+02
2.380000000000000000e+02
2.170000000000000000e+02
2.490000000000000000e+02
1.920000000000000000e+02
2.770000000000000000e+02
4.700000000000000000e+02
2.500000000000000000e+02
2.460000000000000000e+02
2.990000000000000000e+02
6.450000000000000000e+02
7.970000000000000000e+02
2.720000000000000000e+02
2.540000000000000000e+02
4.820000000000000000e+02
2.710000000000000000e+02
3.510000000000000000e+02
2.440000000000000000e+02
4.170000000000000000e+02
2.540000000000000000e+02
4.450000000000000000e+02
2.830000000000000000e+02
5.030000000000000000e+02
2.280000000000000000e+02
2.010000000000000000e+02
2.480000000000000000e+02
5.670000000000000000e+02
3.510000000000000000e+02
2.390000000000000000e+02
2.580000000000000000e+02
2.520000000000000000e+02
6.670000000000000000e+02
3.440000000000000000e+02
2.450000000000000000e+02
2.610000000000000000e+02
4.240000000000000000e+02
1.000000000000000000e+03
2.500000000000000000e+02
2.410000000000000000e+02
2.880000000000000000e+02
4.110000000000000000e+02
2.340000000000000000e+02
2.420000000000000000e+02
2.630000000000000000e+02
2.540000000000000000e+02
2.390000000000000000e+02
1.980000000000000000e+02
5.570000000000000000e+02
2.530000000000000000e+02
2.150000000000000000e+02
2.750000000000000000e+02
6.640000000000000000e+02
2.270000000000000000e+02
2.430000000000000000e+02
4.310000000000000000e+02
5.990000000000000000e+02
5.590000000000000000e+02
1.000000000000000000e+03
1.000000000000000000e+03
2.270000000000000000e+02
2.300000000000000000e+02
3.490000000000000000e+02
1.000000000000000000e+03
6.890000000000000000e+02
6.180000000000000000e+02
2.360000000000000000e+02
2.070000000000000000e+02
4.600000000000000000e+02
1.000000000000000000e+03
2.930000000000000000e+02
1.000000000000000000e+03
2.380000000000000000e+02
1.000000000000000000e+03
2.220000000000000000e+02
2.460000000000000000e+02
8.450000000000000000e+02
1.000000000000000000e+03
2.890000000000000000e+02
2.110000000000000000e+02
2.260000000000000000e+02
3.560000000000000000e+02
2.540000000000000000e+02
2.050000000000000000e+02
2.180000000000000000e+02
2.460000000000000000e+02
2.540000000000000000e+02
4.870000000000000000e+02
2.580000000000000000e+02
2.450000000000000000e+02
2.420000000000000000e+02
2.670000000000000000e+02
3.160000000000000000e+02
3.710000000000000000e+02
2.410000000000000000e+02
2.830000000000000000e+02
8.250000000000000000e+02
2.470000000000000000e+02
2.400000000000000000e+02
1.000000000000000000e+03
2.500000000000000000e+02
4.000000000000000000e+02
3.740000000000000000e+02
2.650000000000000000e+02
8.350000000000000000e+02
3.550000000000000000e+02
2.380000000000000000e+02
4.070000000000000000e+02
2.120000000000000000e+02
2.780000000000000000e+02
5.250000000000000000e+02
2.330000000000000000e+02
2.400000000000000000e+02
4.600000000000000000e+02
2.520000000000000000e+02
1.970000000000000000e+02
2.600000000000000000e+02
2.710000000000000000e+02
2.310000000000000000e+02
2.050000000000000000e+02
6.660000000000000000e+02
5.850000000000000000e+02
2.270000000000000000e+02
1.000000000000000000e+03
2.690000000000000000e+02
2.010000000000000000e+02
2.620000000000000000e+02
2.440000000000000000e+02
2.470000000000000000e+02
6.890000000000000000e+02
3.960000000000000000e+02
2.360000000000000000e+02
2.200000000000000000e+02
4.400000000000000000e+02
6.070000000000000000e+02
5.480000000000000000e+02
8.110000000000000000e+02
5.080000000000000000e+02
2.520000000000000000e+02
6.780000000000000000e+02
2.390000000000000000e+02
2.410000000000000000e+02
5.430000000000000000e+02
2.240000000000000000e+02
1.000000000000000000e+03
2.990000000000000000e+02
6.040000000000000000e+02
2.080000000000000000e+02
2.600000000000000000e+02
3.450000000000000000e+02
4.100000000000000000e+02
2.740000000000000000e+02
1.910000000000000000e+02
2.260000000000000000e+02
2.680000000000000000e+02
6.420000000000000000e+02
2.610000000000000000e+02
2.360000000000000000e+02
2.230000000000000000e+02
3.590000000000000000e+02
6.500000000000000000e+02
2.460000000000000000e+02
1.870000000000000000e+02
2.500000000000000000e+02
3.120000000000000000e+02
2.400000000000000000e+02
4.910000000000000000e+02
3.640000000000000000e+02
2.710000000000000000e+02
3.260000000000000000e+02
2.190000000000000000e+02
2.490000000000000000e+02
2.190000000000000000e+02
5.660000000000000000e+02
2.070000000000000000e+02
2.240000000000000000e+02
2.660000000000000000e+02
8.670000000000000000e+02
2.220000000000000000e+02
2.360000000000000000e+02
2.580000000000000000e+02
4.360000000000000000e+02
6.230000000000000000e+02
2.950000000000000000e+02
5.710000000000000000e+02
4.340000000000000000e+02
2.190000000000000000e+02
2.750000000000000000e+02
2.810000000000000000e+02
3.520000000000000000e+02
2.990000000000000000e+02
2.440000000000000000e+02
2.250000000000000000e+02
1.000000000000000000e+03
3.310000000000000000e+02
3.390000000000000000e+02
2.170000000000000000e+02
1.000000000000000000e+03
2.460000000000000000e+02
2.720000000000000000e+02
2.200000000000000000e+02
9.320000000000000000e+02
2.390000000000000000e+02
2.200000000000000000e+02
2.410000000000000000e+02
3.890000000000000000e+02
6.190000000000000000e+02
2.310000000000000000e+02
2.630000000000000000e+02
2.310000000000000000e+02
1.000000000000000000e+03
2.230000000000000000e+02
2.350000000000000000e+02
2.320000000000000000e+02
2.420000000000000000e+02
2.160000000000000000e+02
2.890000000000000000e+02
2.350000000000000000e+02
3.500000000000000000e+02
3.560000000000000000e+02
2.010000000000000000e+02
3.080000000000000000e+02
3.120000000000000000e+02
2.450000000000000000e+02
5.910000000000000000e+02
2.220000000000000000e+02
2.110000000000000000e+02
2.010000000000000000e+02
2.960000000000000000e+02
2.290000000000000000e+02
5.030000000000000000e+02
2.520000000000000000e+02
2.470000000000000000e+02
2.670000000000000000e+02
1.980000000000000000e+02
6.200000000000000000e+02
5.060000000000000000e+02
2.680000000000000000e+02
2.910000000000000000e+02
2.220000000000000000e+02
2.710000000000000000e+02
2.170000000000000000e+02
1.000000000000000000e+03
4.970000000000000000e+02
1.000000000000000000e+03
2.390000000000000000e+02
7.130000000000000000e+02
2.470000000000000000e+02
1.940000000000000000e+02
2.270000000000000000e+02
5.270000000000000000e+02
2.250000000000000000e+02
3.400000000000000000e+02
4.400000000000000000e+02
5.010000000000000000e+02
2.450000000000000000e+02
2.630000000000000000e+02
2.110000000000000000e+02
2.260000000000000000e+02
4.820000000000000000e+02
2.320000000000000000e+02
8.740000000000000000e+02
1.000000000000000000e+03
1.000000000000000000e+03
3.310000000000000000e+02
6.800000000000000000e+02
2.180000000000000000e+02
1.000000000000000000e+03
2.600000000000000000e+02
4.570000000000000000e+02
2.110000000000000000e+02
2.470000000000000000e+02
2.270000000000000000e+02
4.750000000000000000e+02
2.010000000000000000e+02
2.100000000000000000e+02
4.910000000000000000e+02
2.720000000000000000e+02
2.500000000000000000e+02
2.380000000000000000e+02
2.150000000000000000e+02
2.380000000000000000e+02
2.620000000000000000e+02
2.260000000000000000e+02
1.000000000000000000e+03
2.280000000000000000e+02
2.240000000000000000e+02
1.830000000000000000e+02
3.610000000000000000e+02
2.310000000000000000e+02
6.630000000000000000e+02
2.630000000000000000e+02
2.390000000000000000e+02
2.340000000000000000e+02
2.150000000000000000e+02
2.270000000000000000e+02
2.540000000000000000e+02
2.610000000000000000e+02
6.770000000000000000e+02
3.370000000000000000e+02
2.600000000000000000e+02
2.330000000000000000e+02
1.000000000000000000e+03
3.180000000000000000e+02
5.010000000000000000e+02
2.540000000000000000e+02
5.280000000000000000e+02
5.520000000000000000e+02
2.420000000000000000e+02
2.390000000000000000e+02
3.710000000000000000e+02
2.550000000000000000e+02
5.690000000000000000e+02
3.590000000000000000e+02
8.820000000000000000e+02
2.150000000000000000e+02
6.060000000000000000e+02
4.850000000000000000e+02
8.100000000000000000e+02
1.940000000000000000e+02
2.510000000000000000e+02
4.890000000000000000e+02
5.780000000000000000e+02
1.000000000000000000e+03
1.000000000000000000e+03
4.820000000000000000e+02
2.700000000000000000e+02
2.130000000000000000e+02
1.000000000000000000e+03
2.810000000000000000e+02
2.080000000000000000e+02
2.580000000000000000e+02
2.580000000000000000e+02
2.270000000000000000e+02
6.510000000000000000e+02
1.000000000000000000e+03
4.950000000000000000e+02
2.300000000000000000e+02
2.500000000000000000e+02
2.330000000000000000e+02
4.170000000000000000e+02
2.520000000000000000e+02
1.990000000000000000e+02
2.410000000000000000e+02
2.100000000000000000e+02
1.000000000000000000e+03
2.650000000000000000e+02
2.990000000000000000e+02
2.140000000000000000e+02
2.040000000000000000e+02
2.550000000000000000e+02
7.810000000000000000e+02
2.330000000000000000e+02
2.070000000000000000e+02
5.340000000000000000e+02
1.000000000000000000e+03
2.180000000000000000e+02
2.340000000000000000e+02
6.730000000000000000e+02
2.830000000000000000e+02
2.740000000000000000e+02
2.480000000000000000e+02
4.060000000000000000e+02
2.380000000000000000e+02
2.760000000000000000e+02
2.260000000000000000e+02
3.300000000000000000e+02
8.320000000000000000e+02
2.610000000000000000e+02
1.000000000000000000e+03
1.000000000000000000e+03
2.110000000000000000e+02
2.390000000000000000e+02
2.570000000000000000e+02
2.130000000000000000e+02
8.470000000000000000e+02
4.950000000000000000e+02
2.440000000000000000e+02
2.640000000000000000e+02
2.320000000000000000e+02
1.970000000000000000e+02
4.930000000000000000e+02
2.290000000000000000e+02
2.520000000000000000e+02
4.940000000000000000e+02
5.700000000000000000e+02
2.310000000000000000e+02
1.000000000000000000e+03
1.000000000000000000e+03
2.220000000000000000e+02
3.200000000000000000e+02
5.040000000000000000e+02
4.000000000000000000e+02
4.360000000000000000e+02
2.140000000000000000e+02
2.260000000000000000e+02
3.560000000000000000e+02
2.490000000000000000e+02
2.050000000000000000e+02
2.330000000000000000e+02
2.560000000000000000e+02
5.270000000000000000e+02
2.840000000000000000e+02
2.450000000000000000e+02
7.340000000000000000e+02
2.990000000000000000e+02
8.140000000000000000e+02
3.290000000000000000e+02
2.380000000000000000e+02
2.400000000000000000e+02
1.910000000000000000e+02
2.420000000000000000e+02
2.450000000000000000e+02
2.520000000000000000e+02
4.940000000000000000e+02
2.120000000000000000e+02
2.180000000000000000e+02
1.000000000000000000e+03
1.000000000000000000e+03
3.740000000000000000e+02
7.310000000000000000e+02
2.180000000000000000e+02
2.220000000000000000e+02
2.430000000000000000e+02
8.030000000000000000e+02
2.220000000000000000e+02
2.470000000000000000e+02
2.070000000000000000e+02
2.490000000000000000e+02
3.720000000000000000e+02
2.120000000000000000e+02
1.000000000000000000e+03
2.830000000000000000e+02
4.070000000000000000e+02
1.000000000000000000e+03
4.580000000000000000e+02
2.220000000000000000e+02
2.340000000000000000e+02
1.000000000000000000e+03
2.220000000000000000e+02
2.120000000000000000e+02
3.170000000000000000e+02
2.300000000000000000e+02
1.870000000000000000e+02
3.210000000000000000e+02
2.510000000000000000e+02
1.900000000000000000e+02
3.490000000000000000e+02
2.730000000000000000e+02
1.000000000000000000e+03
3.830000000000000000e+02
2.230000000000000000e+02
5.640000000000000000e+02
2.160000000000000000e+02
6.850000000000000000e+02
2.460000000000000000e+02
2.770000000000000000e+02
2.990000000000000000e+02
1.000000000000000000e+03
2.410000000000000000e+02
2.200000000000000000e+02
1.880000000000000000e+02
1.000000000000000000e+03
2.480000000000000000e+02
2.970000000000000000e+02
3.880000000000000000e+02
4.620000000000000000e+02
7.470000000000000000e+02
2.500000000000000000e+02
2.780000000000000000e+02
2.260000000000000000e+02
2.300000000000000000e+02
3.000000000000000000e+02
2.060000000000000000e+02
1.000000000000000000e+03
2.270000000000000000e+02
2.470000000000000000e+02
2.660000000000000000e+02
4.880000000000000000e+02
1.000000000000000000e+03
2.270000000000000000e+02
5.620000000000000000e+02
2.340000000000000000e+02
1.000000000000000000e+03
3.690000000000000000e+02
2.420000000000000000e+02
3.260000000000000000e+02
2.480000000000000000e+02
2.620000000000000000e+02
4.550000000000000000e+02
1.000000000000000000e+03
2.260000000000000000e+02
4.270000000000000000e+02
3.820000000000000000e+02
3.950000000000000000e+02
2.250000000000000000e+02
6.110000000000000000e+02
2.480000000000000000e+02
2.360000000000000000e+02
4.270000000000000000e+02
2.420000000000000000e+02
7.470000000000000000e+02
2.300000000000000000e+02
1.000000000000000000e+03
2.060000000000000000e+02
1.000000000000000000e+03
3.410000000000000000e+02
2.420000000000000000e+02
2.510000000000000000e+02
2.070000000000000000e+02
2.370000000000000000e+02
3.470000000000000000e+02
2.650000000000000000e+02
3.440000000000000000e+02
4.280000000000000000e+02
1.000000000000000000e+03
2.250000000000000000e+02
2.200000000000000000e+02
2.700000000000000000e+02
3.980000000000000000e+02
2.540000000000000000e+02
5.160000000000000000e+02
2.800000000000000000e+02
2.670000000000000000e+02
2.430000000000000000e+02
1.000000000000000000e+03
6.630000000000000000e+02
2.170000000000000000e+02
2.200000000000000000e+02
1.000000000000000000e+03
4.700000000000000000e+02
2.320000000000000000e+02
1.680000000000000000e+02
2.590000000000000000e+02
2.230000000000000000e+02
2.430000000000000000e+02
4.540000000000000000e+02
2.150000000000000000e+02
2.340000000000000000e+02
2.350000000000000000e+02
2.260000000000000000e+02
2.020000000000000000e+02
2.400000000000000000e+02
3.050000000000000000e+02
1.910000000000000000e+02
1.000000000000000000e+03
4.890000000000000000e+02
3.870000000000000000e+02
2.540000000000000000e+02
2.620000000000000000e+02
8.270000000000000000e+02
1.000000000000000000e+03
1.000000000000000000e+03
5.010000000000000000e+02
8.050000000000000000e+02
3.040000000000000000e+02
1.910000000000000000e+02
2.860000000000000000e+02
2.120000000000000000e+02
2.880000000000000000e+02
2.290000000000000000e+02
2.630000000000000000e+02
2.070000000000000000e+02
2.010000000000000000e+02
2.280000000000000000e+02
2.050000000000000000e+02
2.280000000000000000e+02
2.200000000000000000e+02
2.290000000000000000e+02
4.060000000000000000e+02
6.210000000000000000e+02
2.300000000000000000e+02
2.890000000000000000e+02
2.230000000000000000e+02
1.840000000000000000e+02
1.000000000000000000e+03
2.290000000000000000e+02
5.680000000000000000e+02
2.390000000000000000e+02
2.110000000000000000e+02
1.000000000000000000e+03
2.410000000000000000e+02
5.680000000000000000e+02
2.840000000000000000e+02
2.080000000000000000e+02
4.670000000000000000e+02
3.020000000000000000e+02
2.340000000000000000e+02
2.420000000000000000e+02
3.770000000000000000e+02
2.560000000000000000e+02
2.190000000000000000e+02
3.620000000000000000e+02
1.000000000000000000e+03
2.140000000000000000e+02
2.560000000000000000e+02
4.870000000000000000e+02
1.840000000000000000e+02
2.400000000000000000e+02
2.170000000000000000e+02
3.470000000000000000e+02
2.650000000000000000e+02
2.170000000000000000e+02
4.420000000000000000e+02
2.200000000000000000e+02
5.310000000000000000e+02
2.300000000000000000e+02
2.460000000000000000e+02
3.040000000000000000e+02
3.870000000000000000e+02
2.070000000000000000e+02
6.110000000000000000e+02
2.630000000000000000e+02
2.520000000000000000e+02
3.830000000000000000e+02
9.960000000000000000e+02
2.380000000000000000e+02
2.630000000000000000e+02
2.350000000000000000e+02
2.760000000000000000e+02
2.150000000000000000e+02
1.960000000000000000e+02
2.530000000000000000e+02
7.060000000000000000e+02
5.070000000000000000e+02
6.930000000000000000e+02
2.560000000000000000e+02
6.990000000000000000e+02
4.510000000000000000e+02
2.250000000000000000e+02
2.560000000000000000e+02
2.730000000000000000e+02
2.530000000000000000e+02
2.540000000000000000e+02
2.090000000000000000e+02
2.310000000000000000e+02
2.720000000000000000e+02
2.320000000000000000e+02
2.350000000000000000e+02
4.790000000000000000e+02
1.000000000000000000e+03
2.650000000000000000e+02
3.090000000000000000e+02
2.390000000000000000e+02
2.880000000000000000e+02
2.340000000000000000e+02
1.950000000000000000e+02
2.540000000000000000e+02
1.970000000000000000e+02
6.590000000000000000e+02
2.440000000000000000e+02
2.170000000000000000e+02
1.000000000000000000e+03
2.340000000000000000e+02
2.700000000000000000e+02
8.790000000000000000e+02
1.000000000000000000e+03
2.210000000000000000e+02
2.010000000000000000e+02
4.880000000000000000e+02
2.410000000000000000e+02
2.210000000000000000e+02
5.720000000000000000e+02
2.920000000000000000e+02
2.240000000000000000e+02
2.780000000000000000e+02
1.000000000000000000e+03
2.030000000000000000e+02
2.550000000000000000e+02
1.000000000000000000e+03
2.470000000000000000e+02
3.550000000000000000e+02
6.660000000000000000e+02
1.000000000000000000e+03
4.760000000000000000e+02
2.270000000000000000e+02
4.260000000000000000e+02
2.200000000000000000e+02
2.180000000000000000e+02
2.480000000000000000e+02
2.460000000000000000e+02
7.120000000000000000e+02
2.670000000000000000e+02
4.680000000000000000e+02
2.320000000000000000e+02
2.330000000000000000e+02
4.270000000000000000e+02
2.830000000000000000e+02
1.000000000000000000e+03
7.190000000000000000e+02
2.010000000000000000e+02
2.770000000000000000e+02
3.000000000000000000e+02
2.620000000000000000e+02
2.190000000000000000e+02
2.710000000000000000e+02
2.280000000000000000e+02
1.830000000000000000e+02
2.380000000000000000e+02
3.130000000000000000e+02
1.980000000000000000e+02
2.670000000000000000e+02
7.070000000000000000e+02
2.670000000000000000e+02
3.320000000000000000e+02
2.210000000000000000e+02
1.000000000000000000e+03
2.630000000000000000e+02
2.540000000000000000e+02
7.000000000000000000e+02
1.920000000000000000e+02
4.450000000000000000e+02
4.340000000000000000e+02
2.740000000000000000e+02
2.370000000000000000e+02
6.040000000000000000e+02
3.040000000000000000e+02
1.000000000000000000e+03
4.630000000000000000e+02
2.410000000000000000e+02
2.030000000000000000e+02
2.630000000000000000e+02
2.400000000000000000e+02
